Stopping Criteria Long-Run Check: Resume vs Fresh (throttle=True)
generated: 2026-05-02 20:10:03

[CubMCCLTVec] status=ok

  loose_inputs:
    abs_tol: 0.005000
    rel_tol: 0.000000
    n_init: 2
    n_limit: 4194304
    dimension: 2

  resume_inputs:
    abs_tol: 0.002000
    rel_tol: 0.000000
    n_init: 2
    n_limit: 4194304
    dimension: 2

  fresh_inputs:
    abs_tol: 0.002000
    rel_tol: 0.000000
    n_init: 2
    n_limit: 4194304
    dimension: 2

  loose_iteration_log:
    === CubMCCLTVec-LOOSE iteration log ===
    stage        iter    solution comb_bound_diff      n_min    n_total      xfull.shape
    ------------------------------------------------------------------------------------
    ITER            1   2.0116290       4.763e+00          0          2           (2, 2)
    ITER            2   2.0009734       1.979e+00          2          4           (4, 2)
    ITER            3   1.9799174       1.059e+00          4          8           (8, 2)
    ITER            4   2.0155144       8.559e-01          8         16          (16, 2)
    ITER            5   1.9711985       6.643e-01         16         32          (32, 2)
    ITER            6   1.7820622       6.101e-01         32         64          (64, 2)
    ITER            7   1.8005761       4.723e-01         64        128         (128, 2)
    ITER            8   1.8532938       3.458e-01        128        256         (256, 2)
    ITER            9   1.8245067       2.627e-01        256        512         (512, 2)
    ITER           10   1.8091047       1.856e-01        512       1024        (1024, 2)
    ITER           11   1.8424322       1.270e-01       1024       2048        (2048, 2)
    ITER           12   1.8051965       9.145e-02       2048       4096        (4096, 2)
    ITER           13   1.8122190       6.467e-02       4096       8192        (8192, 2)
    ITER           14   1.8051012       4.587e-02       8192      16384       (16384, 2)
    ITER           15   1.7986151       3.254e-02      16384      32768       (32768, 2)
    ITER           16   1.7982997       2.301e-02      32768      65536       (65536, 2)
    ITER           17   1.8041367       1.619e-02      65536     131072      (131072, 2)
    ITER           18   1.8067227       1.143e-02     131072     262144      (262144, 2)
    ITER           19   1.8067581       8.084e-03     262144     524288      (524288, 2)

  resume_iteration_log:
    === CubMCCLTVec-RESUME iteration log ===
    stage        iter    solution comb_bound_diff      n_min    n_total      xfull.shape
    ------------------------------------------------------------------------------------
    ITER            1   2.0116290       4.763e+00          0          2           (2, 2)
    ITER            2   2.0009734       1.979e+00          2          4           (4, 2)
    ITER            3   1.9799174       1.059e+00          4          8           (8, 2)
    ITER            4   2.0155144       8.559e-01          8         16          (16, 2)
    ITER            5   1.9711985       6.643e-01         16         32          (32, 2)
    ITER            6   1.7820622       6.101e-01         32         64          (64, 2)
    ITER            7   1.8005761       4.723e-01         64        128         (128, 2)
    ITER            8   1.8532938       3.458e-01        128        256         (256, 2)
    ITER            9   1.8245067       2.627e-01        256        512         (512, 2)
    ITER           10   1.8091047       1.856e-01        512       1024        (1024, 2)
    ITER           11   1.8424322       1.270e-01       1024       2048        (2048, 2)
    ITER           12   1.8051965       9.145e-02       2048       4096        (4096, 2)
    ITER           13   1.8122190       6.467e-02       4096       8192        (8192, 2)
    ITER           14   1.8051012       4.587e-02       8192      16384       (16384, 2)
    ITER           15   1.7986151       3.254e-02      16384      32768       (32768, 2)
    ITER           16   1.7982997       2.301e-02      32768      65536       (65536, 2)
    ITER           17   1.8041367       1.619e-02      65536     131072      (131072, 2)
    ITER           18   1.8067227       1.143e-02     131072     262144      (262144, 2)
    ITER           19   1.8067581       8.084e-03     262144     524288      (524288, 2)
    RESUME         19   1.8067581       8.084e-03     262144     524288      (524288, 2)
    ITER           20   1.8069523       5.714e-03     524288    1048576     (1048576, 2)
    ITER           21   1.8078708       4.039e-03    1048576    2097152     (2097152, 2)
    ITER           22   1.8082020       2.855e-03    2097152    4194304     (4194304, 2)

  fresh_iteration_log:
    === CubMCCLTVec-FRESH iteration log ===
    stage        iter    solution comb_bound_diff      n_min    n_total      xfull.shape
    ------------------------------------------------------------------------------------
    ITER            1   2.0116290       4.763e+00          0          2           (2, 2)
    ITER            2   2.0009734       1.979e+00          2          4           (4, 2)
    ITER            3   1.9799174       1.059e+00          4          8           (8, 2)
    ITER            4   2.0155144       8.559e-01          8         16          (16, 2)
    ITER            5   1.9711985       6.643e-01         16         32          (32, 2)
    ITER            6   1.7820622       6.101e-01         32         64          (64, 2)
    ITER            7   1.8005761       4.723e-01         64        128         (128, 2)
    ITER            8   1.8532938       3.458e-01        128        256         (256, 2)
    ITER            9   1.8245067       2.627e-01        256        512         (512, 2)
    ITER           10   1.8091047       1.856e-01        512       1024        (1024, 2)
    ITER           11   1.8424322       1.270e-01       1024       2048        (2048, 2)
    ITER           12   1.8051965       9.145e-02       2048       4096        (4096, 2)
    ITER           13   1.8122190       6.467e-02       4096       8192        (8192, 2)
    ITER           14   1.8051012       4.587e-02       8192      16384       (16384, 2)
    ITER           15   1.7986151       3.254e-02      16384      32768       (32768, 2)
    ITER           16   1.7982997       2.301e-02      32768      65536       (65536, 2)
    ITER           17   1.8041367       1.619e-02      65536     131072      (131072, 2)
    ITER           18   1.8067227       1.143e-02     131072     262144      (262144, 2)
    ITER           19   1.8067581       8.084e-03     262144     524288      (524288, 2)
    ITER           20   1.8069523       5.714e-03     524288    1048576     (1048576, 2)
    ITER           21   1.8078708       4.039e-03    1048576    2097152     (2097152, 2)
    ITER           22   1.8082020       2.855e-03    2097152    4194304     (4194304, 2)

  Stage summary of CubMCCLTVec
  --------------------------------------------------------------------------
  Stage   abs_tol   total n     new n  iters    solution half-width time (s)
  --------------------------------------------------------------------------
  Loose     5e-03   524,288   524,288     19   1.8067581   4.04e-03   0.0342
  Resumed   2e-03 4,194,304 3,670,016     22   1.8082020   1.43e-03   0.2358
  Fresh     2e-03 4,194,304 4,194,304     22   1.8082020   1.43e-03   0.2601
  --------------------------------------------------------------------------

~~~~~~~~~~~~~~~~~~~~~~~~~~~~~~~~~~~~~~~~~~~~~~~~~~~~~~~~~~~~

[CubQMCLatticeG] status=ok

  loose_inputs:
    abs_tol: 0.001000
    rel_tol: 0.000000
    n_init: 256
    n_limit: 1048576
    dimension: 2

  resume_inputs:
    abs_tol: 0.000010
    rel_tol: 0.000000
    n_init: 256
    n_limit: 1048576
    dimension: 2

  fresh_inputs:
    abs_tol: 0.000010
    rel_tol: 0.000000
    n_init: 256
    n_limit: 1048576
    dimension: 2

  loose_iteration_log:
    === CubQMCLatticeG-LOOSE iteration log ===
    stage        iter    solution comb_bound_diff      n_min    n_total      m      xfull.shape
    -------------------------------------------------------------------------------------------
    ITER            1   1.8113722       4.919e-02          0        256      8         (256, 2)
    ITER            2   1.8098549       1.997e-02        256        512      9         (512, 2)
    ITER            3   1.8104223       9.348e-03        512       1024     10        (1024, 2)
    ITER            4   1.8088036       4.994e-03       1024       2048     11        (2048, 2)
    ITER            5   1.8083250       2.121e-03       2048       4096     12        (4096, 2)
    ITER            6   1.8082011       1.187e-03       4096       8192     13        (8192, 2)

  resume_iteration_log:
    === CubQMCLatticeG-RESUME iteration log ===
    stage        iter    solution comb_bound_diff      n_min    n_total      m      xfull.shape
    -------------------------------------------------------------------------------------------
    ITER            1   1.8113722       4.919e-02          0        256      8         (256, 2)
    ITER            2   1.8098549       1.997e-02        256        512      9         (512, 2)
    ITER            3   1.8104223       9.348e-03        512       1024     10        (1024, 2)
    ITER            4   1.8088036       4.994e-03       1024       2048     11        (2048, 2)
    ITER            5   1.8083250       2.121e-03       2048       4096     12        (4096, 2)
    ITER            6   1.8082011       1.187e-03       4096       8192     13        (8192, 2)
    RESUME          6   1.8082011       1.187e-03       8192       8192     13        (8192, 2)
    ITER            7   1.8081977       5.053e-04       8192      16384     14       (16384, 2)
    ITER            8   1.8081730       2.852e-04      16384      32768     15       (32768, 2)
    ITER            9   1.8081805       1.275e-04      32768      65536     16       (65536, 2)
    ITER           10   1.8081802       5.508e-05      65536     131072     17      (131072, 2)
    ITER           11   1.8081853       2.756e-05     131072     262144     18      (262144, 2)
    ITER           12   1.8081868       1.322e-05     262144     524288     19      (524288, 2)

  fresh_iteration_log:
    === CubQMCLatticeG-FRESH iteration log ===
    stage        iter    solution comb_bound_diff      n_min    n_total      m      xfull.shape
    -------------------------------------------------------------------------------------------
    ITER            1   1.8113722       4.919e-02          0        256      8         (256, 2)
    ITER            2   1.8098549       1.997e-02        256        512      9         (512, 2)
    ITER            3   1.8104223       9.348e-03        512       1024     10        (1024, 2)
    ITER            4   1.8088036       4.994e-03       1024       2048     11        (2048, 2)
    ITER            5   1.8083250       2.121e-03       2048       4096     12        (4096, 2)
    ITER            6   1.8082011       1.187e-03       4096       8192     13        (8192, 2)
    ITER            7   1.8081977       5.053e-04       8192      16384     14       (16384, 2)
    ITER            8   1.8081730       2.852e-04      16384      32768     15       (32768, 2)
    ITER            9   1.8081805       1.275e-04      32768      65536     16       (65536, 2)
    ITER           10   1.8081802       5.508e-05      65536     131072     17      (131072, 2)
    ITER           11   1.8081853       2.756e-05     131072     262144     18      (262144, 2)
    ITER           12   1.8081868       1.322e-05     262144     524288     19      (524288, 2)

  Stage summary of CubQMCLatticeG
  --------------------------------------------------------------------------
  Stage   abs_tol   total n     new n  iters    solution half-width time (s)
  --------------------------------------------------------------------------
  Loose     1e-03     8,192     8,192      6   1.8082011   5.93e-04   0.0031
  Resumed   1e-05   524,288   516,096     12   1.8081868   6.61e-06   0.0672
  Fresh     1e-05   524,288   524,288     12   1.8081868   6.61e-06   0.0677
  --------------------------------------------------------------------------

~~~~~~~~~~~~~~~~~~~~~~~~~~~~~~~~~~~~~~~~~~~~~~~~~~~~~~~~~~~~

[CubQMCNetG] status=ok

  loose_inputs:
    abs_tol: 0.001000
    rel_tol: 0.000000
    n_init: 256
    n_limit: 4194304
    dimension: 2

  resume_inputs:
    abs_tol: 0.000001
    rel_tol: 0.000000
    n_init: 256
    n_limit: 4194304
    dimension: 2

  fresh_inputs:
    abs_tol: 0.000001
    rel_tol: 0.000000
    n_init: 256
    n_limit: 4194304
    dimension: 2

  loose_iteration_log:
    === CubQMCNetG-LOOSE iteration log ===
    stage        iter    solution comb_bound_diff      n_min    n_total      m      xfull.shape
    -------------------------------------------------------------------------------------------
    ITER            1   1.8046660       3.595e-02          0        256      8         (256, 2)
    ITER            2   1.8047274       2.428e-02        256        512      9         (512, 2)
    ITER            3   1.8080187       8.593e-03        512       1024     10        (1024, 2)
    ITER            4   1.8077140       5.121e-03       1024       2048     11        (2048, 2)
    ITER            5   1.8080545       2.293e-03       2048       4096     12        (4096, 2)
    ITER            6   1.8082002       1.099e-03       4096       8192     13        (8192, 2)

  resume_iteration_log:
    === CubQMCNetG-RESUME iteration log ===
    stage        iter    solution comb_bound_diff      n_min    n_total      m      xfull.shape
    -------------------------------------------------------------------------------------------
    ITER            1   1.8046660       3.595e-02          0        256      8         (256, 2)
    ITER            2   1.8047274       2.428e-02        256        512      9         (512, 2)
    ITER            3   1.8080187       8.593e-03        512       1024     10        (1024, 2)
    ITER            4   1.8077140       5.121e-03       1024       2048     11        (2048, 2)
    ITER            5   1.8080545       2.293e-03       2048       4096     12        (4096, 2)
    ITER            6   1.8082002       1.099e-03       4096       8192     13        (8192, 2)
    RESUME          6   1.8082002       1.099e-03       8192       8192     13        (8192, 2)
    ITER            7   1.8081727       5.261e-04       8192      16384     14       (16384, 2)
    ITER            8   1.8082044       2.658e-04      16384      32768     15       (32768, 2)
    ITER            9   1.8081893       1.265e-04      32768      65536     16       (65536, 2)
    ITER           10   1.8081882       5.000e-05      65536     131072     17      (131072, 2)
    ITER           11   1.8081875       2.394e-05     131072     262144     18      (262144, 2)
    ITER           12   1.8081878       1.421e-05     262144     524288     19      (524288, 2)
    ITER           13   1.8081868       5.200e-06     524288    1048576     20     (1048576, 2)
    ITER           14   1.8081862       2.920e-06    1048576    2097152     21     (2097152, 2)
    ITER           15   1.8081863       1.326e-06    2097152    4194304     22     (4194304, 2)

  fresh_iteration_log:
    === CubQMCNetG-FRESH iteration log ===
    stage        iter    solution comb_bound_diff      n_min    n_total      m      xfull.shape
    -------------------------------------------------------------------------------------------
    ITER            1   1.8046660       3.595e-02          0        256      8         (256, 2)
    ITER            2   1.8047274       2.428e-02        256        512      9         (512, 2)
    ITER            3   1.8080187       8.593e-03        512       1024     10        (1024, 2)
    ITER            4   1.8077140       5.121e-03       1024       2048     11        (2048, 2)
    ITER            5   1.8080545       2.293e-03       2048       4096     12        (4096, 2)
    ITER            6   1.8082002       1.099e-03       4096       8192     13        (8192, 2)
    ITER            7   1.8081727       5.261e-04       8192      16384     14       (16384, 2)
    ITER            8   1.8082044       2.658e-04      16384      32768     15       (32768, 2)
    ITER            9   1.8081893       1.265e-04      32768      65536     16       (65536, 2)
    ITER           10   1.8081882       5.000e-05      65536     131072     17      (131072, 2)
    ITER           11   1.8081875       2.394e-05     131072     262144     18      (262144, 2)
    ITER           12   1.8081878       1.421e-05     262144     524288     19      (524288, 2)
    ITER           13   1.8081868       5.200e-06     524288    1048576     20     (1048576, 2)
    ITER           14   1.8081862       2.920e-06    1048576    2097152     21     (2097152, 2)
    ITER           15   1.8081863       1.326e-06    2097152    4194304     22     (4194304, 2)

  Stage summary of CubQMCNetG
  --------------------------------------------------------------------------
  Stage   abs_tol   total n     new n  iters    solution half-width time (s)
  --------------------------------------------------------------------------
  Loose     1e-03     8,192     8,192      6   1.8082002   5.49e-04   0.0029
  Resumed   1e-06 4,194,304 4,186,112     15   1.8081863   6.63e-07   0.7093
  Fresh     1e-06 4,194,304 4,194,304     15   1.8081863   6.63e-07   0.7128
  --------------------------------------------------------------------------

~~~~~~~~~~~~~~~~~~~~~~~~~~~~~~~~~~~~~~~~~~~~~~~~~~~~~~~~~~~~

[CubQMCRepStudentT] status=ok

  loose_inputs:
    abs_tol: 0.005000
    rel_tol: 0.000000
    n_init: 32
    n_limit: 4194304
    dimension: 8

  resume_inputs:
    abs_tol: 0.000500
    rel_tol: 0.000000
    n_init: 32
    n_limit: 4194304
    dimension: 8

  fresh_inputs:
    abs_tol: 0.000500
    rel_tol: 0.000000
    n_init: 32
    n_limit: 4194304
    dimension: 8

  loose_iteration_log:
    === CubQMCRepStudentT-LOOSE iteration log ===
    stage        iter    solution comb_bound_diff      n_min    n_total      xfull.shape
    ------------------------------------------------------------------------------------
    ITER            1 -31.1984451       3.753e+00          0        512      (16, 32, 8)
    ITER            2 -30.9520525       2.778e+00         32       1024      (16, 64, 8)
    ITER            3 -30.6950778       1.500e+00         64       2048     (16, 128, 8)
    ITER            4 -30.6821102       8.338e-01        128       4096     (16, 256, 8)
    ITER            5 -30.6857766       3.117e-01        256       8192     (16, 512, 8)
    ITER            6 -30.6180136       1.429e-01        512      16384    (16, 1024, 8)
    ITER            7 -30.6335973       9.818e-02       1024      32768    (16, 2048, 8)
    ITER            8 -30.6234023       3.935e-02       2048      65536    (16, 4096, 8)
    ITER            9 -30.6145205       3.205e-02       4096     131072    (16, 8192, 8)
    ITER           10 -30.6107676       1.483e-02       8192     262144   (16, 16384, 8)
    ITER           11 -30.6102710       5.682e-03      16384     524288   (16, 32768, 8)

  resume_iteration_log:
    === CubQMCRepStudentT-RESUME iteration log ===
    stage        iter    solution comb_bound_diff      n_min    n_total      xfull.shape
    ------------------------------------------------------------------------------------
    ITER            1 -31.1984451       3.753e+00          0        512      (16, 32, 8)
    ITER            2 -30.9520525       2.778e+00         32       1024      (16, 64, 8)
    ITER            3 -30.6950778       1.500e+00         64       2048     (16, 128, 8)
    ITER            4 -30.6821102       8.338e-01        128       4096     (16, 256, 8)
    ITER            5 -30.6857766       3.117e-01        256       8192     (16, 512, 8)
    ITER            6 -30.6180136       1.429e-01        512      16384    (16, 1024, 8)
    ITER            7 -30.6335973       9.818e-02       1024      32768    (16, 2048, 8)
    ITER            8 -30.6234023       3.935e-02       2048      65536    (16, 4096, 8)
    ITER            9 -30.6145205       3.205e-02       4096     131072    (16, 8192, 8)
    ITER           10 -30.6107676       1.483e-02       8192     262144   (16, 16384, 8)
    ITER           11 -30.6102710       5.682e-03      16384     524288   (16, 32768, 8)
    RESUME         11 -30.6102710       5.682e-03      16384     524288   (16, 32768, 8)
    ITER           12 -30.6092368       3.461e-03      32768    1048576   (16, 65536, 8)
    ITER           13 -30.6091941       1.953e-03      65536    2097152  (16, 131072, 8)
    ITER           14 -30.6090755       8.635e-04     131072    4194304  (16, 262144, 8)

  fresh_iteration_log:
    === CubQMCRepStudentT-FRESH iteration log ===
    stage        iter    solution comb_bound_diff      n_min    n_total      xfull.shape
    ------------------------------------------------------------------------------------
    ITER            1 -31.1984451       3.753e+00          0        512      (16, 32, 8)
    ITER            2 -30.9520525       2.778e+00         32       1024      (16, 64, 8)
    ITER            3 -30.6950778       1.500e+00         64       2048     (16, 128, 8)
    ITER            4 -30.6821102       8.338e-01        128       4096     (16, 256, 8)
    ITER            5 -30.6857766       3.117e-01        256       8192     (16, 512, 8)
    ITER            6 -30.6180136       1.429e-01        512      16384    (16, 1024, 8)
    ITER            7 -30.6335973       9.818e-02       1024      32768    (16, 2048, 8)
    ITER            8 -30.6234023       3.935e-02       2048      65536    (16, 4096, 8)
    ITER            9 -30.6145205       3.205e-02       4096     131072    (16, 8192, 8)
    ITER           10 -30.6107676       1.483e-02       8192     262144   (16, 16384, 8)
    ITER           11 -30.6102710       5.682e-03      16384     524288   (16, 32768, 8)
    ITER           12 -30.6092368       3.461e-03      32768    1048576   (16, 65536, 8)
    ITER           13 -30.6091941       1.953e-03      65536    2097152  (16, 131072, 8)
    ITER           14 -30.6090755       8.635e-04     131072    4194304  (16, 262144, 8)

  Stage summary of CubQMCRepStudentT
  --------------------------------------------------------------------------
  Stage   abs_tol   total n     new n  iters    solution half-width time (s)
  --------------------------------------------------------------------------
  Loose     5e-03   524,288   524,288     11 -30.6102710   2.84e-03   0.1171
  Resumed   5e-04 4,194,304 3,670,016     14 -30.6090755   4.32e-04   0.8238
  Fresh     5e-04 4,194,304 4,194,304     14 -30.6090755   4.32e-04   0.9028
  --------------------------------------------------------------------------

~~~~~~~~~~~~~~~~~~~~~~~~~~~~~~~~~~~~~~~~~~~~~~~~~~~~~~~~~~~~

[CubQMCBayesLatticeG] status=ok

  loose_inputs:
    abs_tol: 0.001000
    rel_tol: 0.000000
    n_init: 4
    n_limit: 4194304
    dimension: 2

  resume_inputs:
    abs_tol: 0.000001
    rel_tol: 0.000000
    n_init: 4
    n_limit: 4194304
    dimension: 2

  fresh_inputs:
    abs_tol: 0.000001
    rel_tol: 0.000000
    n_init: 4
    n_limit: 4194304
    dimension: 2

  loose_iteration_log:
    === CubQMCBayesLatticeG-LOOSE iteration log ===
    stage        iter    solution comb_bound_diff      n_min    n_total      m      xfull.shape
    -------------------------------------------------------------------------------------------
    ITER            1   0.7066613       1.757e+00          0          4      2           (4, 2)
    ITER            2   1.8643977       4.703e-01          4          8      3           (8, 2)
    ITER            3   1.8169587       2.423e-01          8         16      4          (16, 2)
    ITER            4   1.8199065       1.124e-01         16         32      5          (32, 2)
    ITER            5   1.8074038       8.209e-03         32         64      6          (64, 2)
    ITER            6   1.8078306       1.934e-02         64        128      7         (128, 2)
    ITER            7   1.8081897       1.603e-03        128        256      8         (256, 2)

  resume_iteration_log:
    === CubQMCBayesLatticeG-RESUME iteration log ===
    stage        iter    solution comb_bound_diff      n_min    n_total      m      xfull.shape
    -------------------------------------------------------------------------------------------
    ITER            1   0.7066613       1.757e+00          0          4      2           (4, 2)
    ITER            2   1.8643977       4.703e-01          4          8      3           (8, 2)
    ITER            3   1.8169587       2.423e-01          8         16      4          (16, 2)
    ITER            4   1.8199065       1.124e-01         16         32      5          (32, 2)
    ITER            5   1.8074038       8.209e-03         32         64      6          (64, 2)
    ITER            6   1.8078306       1.934e-02         64        128      7         (128, 2)
    ITER            7   1.8081897       1.603e-03        128        256      8         (256, 2)
    RESUME          7   1.8081897       1.603e-03        256        256      8         (256, 2)
    ITER            8   1.8081883       1.112e-03        256        512      9         (512, 2)
    ITER            9   1.8081866       5.508e-05        512       1024     10        (1024, 2)
    ITER           10   1.8081864       5.206e-06       1024       2048     11        (2048, 2)
    ITER           11   1.8081864       2.996e-06       2048       4096     12        (4096, 2)
    ITER           12   1.8081864       6.008e-07       4096       8192     13        (8192, 2)

  fresh_iteration_log:
    === CubQMCBayesLatticeG-FRESH iteration log ===
    stage        iter    solution comb_bound_diff      n_min    n_total      m      xfull.shape
    -------------------------------------------------------------------------------------------
    ITER            1   0.7066613       1.757e+00          0          4      2           (4, 2)
    ITER            2   1.8643977       4.703e-01          4          8      3           (8, 2)
    ITER            3   1.8169587       2.423e-01          8         16      4          (16, 2)
    ITER            4   1.8199065       1.124e-01         16         32      5          (32, 2)
    ITER            5   1.8074038       8.209e-03         32         64      6          (64, 2)
    ITER            6   1.8078306       1.934e-02         64        128      7         (128, 2)
    ITER            7   1.8081897       1.603e-03        128        256      8         (256, 2)
    ITER            8   1.8081883       1.112e-03        256        512      9         (512, 2)
    ITER            9   1.8081866       5.508e-05        512       1024     10        (1024, 2)
    ITER           10   1.8081864       5.206e-06       1024       2048     11        (2048, 2)
    ITER           11   1.8081864       2.996e-06       2048       4096     12        (4096, 2)
    ITER           12   1.8081864       6.008e-07       4096       8192     13        (8192, 2)

  Stage summary of CubQMCBayesLatticeG
  --------------------------------------------------------------------------
  Stage   abs_tol   total n     new n  iters    solution half-width time (s)
  --------------------------------------------------------------------------
  Loose     1e-03       256       256      7   1.8081897   8.02e-04   0.0053
  Resumed   1e-06     8,192     7,936     12   1.8081864   3.00e-07   0.0397
  Fresh     1e-06     8,192     8,192     12   1.8081864   3.00e-07   0.0424
  --------------------------------------------------------------------------

~~~~~~~~~~~~~~~~~~~~~~~~~~~~~~~~~~~~~~~~~~~~~~~~~~~~~~~~~~~~

[CubBayesNetG] status=ok

  loose_inputs:
    abs_tol: 0.001000
    rel_tol: 0.000000
    n_init: 4
    n_limit: 16777216
    dimension: 2

  resume_inputs:
    abs_tol: 0.000002
    rel_tol: 0.000000
    n_init: 4
    n_limit: 16777216
    dimension: 2

  fresh_inputs:
    abs_tol: 0.000002
    rel_tol: 0.000000
    n_init: 4
    n_limit: 16777216
    dimension: 2

  loose_iteration_log:
    === CubBayesNetG-LOOSE iteration log ===
    stage        iter    solution comb_bound_diff      n_min    n_total      m      xfull.shape
    -------------------------------------------------------------------------------------------
    ITER            1   1.4127585       5.707e-01          0          4      2           (4, 2)
    ITER            2   1.3002505       1.265e+00          4          8      3           (8, 2)
    ITER            3   1.5956283       4.588e-01          8         16      4          (16, 2)
    ITER            4   1.7287794       1.985e-01         16         32      5          (32, 2)
    ITER            5   1.7781467       1.898e-01         32         64      6          (64, 2)
    ITER            6   1.8037482       5.065e-02         64        128      7         (128, 2)
    ITER            7   1.8046660       7.597e-02        128        256      8         (256, 2)
    ITER            8   1.8047274       6.068e-02        256        512      9         (512, 2)
    ITER            9   1.8080187       4.157e-03        512       1024     10        (1024, 2)
    ITER           10   1.8077140       7.338e-03       1024       2048     11        (2048, 2)
    ITER           11   1.8080545       4.986e-03       2048       4096     12        (4096, 2)
    ITER           12   1.8082002       1.574e-03       4096       8192     13        (8192, 2)

  resume_iteration_log:
    === CubBayesNetG-RESUME iteration log ===
    stage        iter    solution comb_bound_diff      n_min    n_total      m      xfull.shape
    -------------------------------------------------------------------------------------------
    ITER            1   1.4127585       5.707e-01          0          4      2           (4, 2)
    ITER            2   1.3002505       1.265e+00          4          8      3           (8, 2)
    ITER            3   1.5956283       4.588e-01          8         16      4          (16, 2)
    ITER            4   1.7287794       1.985e-01         16         32      5          (32, 2)
    ITER            5   1.7781467       1.898e-01         32         64      6          (64, 2)
    ITER            6   1.8037482       5.065e-02         64        128      7         (128, 2)
    ITER            7   1.8046660       7.597e-02        128        256      8         (256, 2)
    ITER            8   1.8047274       6.068e-02        256        512      9         (512, 2)
    ITER            9   1.8080187       4.157e-03        512       1024     10        (1024, 2)
    ITER           10   1.8077140       7.338e-03       1024       2048     11        (2048, 2)
    ITER           11   1.8080545       4.986e-03       2048       4096     12        (4096, 2)
    ITER           12   1.8082002       1.574e-03       4096       8192     13        (8192, 2)
    RESUME         12   1.8082002       1.574e-03       8192       8192     13        (8192, 2)
    ITER           13   1.8081727       3.349e-04       8192      16384     14       (16384, 2)
    ITER           14   1.8082044       2.121e-04      16384      32768     15       (32768, 2)
    ITER           15   1.8081893       8.731e-05      32768      65536     16       (65536, 2)
    ITER           16   1.8081882       1.049e-04      65536     131072     17      (131072, 2)
    ITER           17   1.8081875       1.974e-05     131072     262144     18      (262144, 2)
    ITER           18   1.8081878       2.241e-05     262144     524288     19      (524288, 2)
    ITER           19   1.8081868       5.476e-06     524288    1048576     20     (1048576, 2)
    ITER           20   1.8081862       2.742e-06    1048576    2097152     21     (2097152, 2)

  fresh_iteration_log:
    === CubBayesNetG-FRESH iteration log ===
    stage        iter    solution comb_bound_diff      n_min    n_total      m      xfull.shape
    -------------------------------------------------------------------------------------------
    ITER            1   1.4127585       5.707e-01          0          4      2           (4, 2)
    ITER            2   1.3002505       1.265e+00          4          8      3           (8, 2)
    ITER            3   1.5956283       4.588e-01          8         16      4          (16, 2)
    ITER            4   1.7287794       1.985e-01         16         32      5          (32, 2)
    ITER            5   1.7781467       1.898e-01         32         64      6          (64, 2)
    ITER            6   1.8037482       5.065e-02         64        128      7         (128, 2)
    ITER            7   1.8046660       7.597e-02        128        256      8         (256, 2)
    ITER            8   1.8047274       6.068e-02        256        512      9         (512, 2)
    ITER            9   1.8080187       4.157e-03        512       1024     10        (1024, 2)
    ITER           10   1.8077140       7.338e-03       1024       2048     11        (2048, 2)
    ITER           11   1.8080545       4.986e-03       2048       4096     12        (4096, 2)
    ITER           12   1.8082002       1.574e-03       4096       8192     13        (8192, 2)
    ITER           13   1.8081727       3.349e-04       8192      16384     14       (16384, 2)
    ITER           14   1.8082044       2.121e-04      16384      32768     15       (32768, 2)
    ITER           15   1.8081893       8.731e-05      32768      65536     16       (65536, 2)
    ITER           16   1.8081882       1.049e-04      65536     131072     17      (131072, 2)
    ITER           17   1.8081875       1.974e-05     131072     262144     18      (262144, 2)
    ITER           18   1.8081878       2.241e-05     262144     524288     19      (524288, 2)
    ITER           19   1.8081868       5.476e-06     524288    1048576     20     (1048576, 2)
    ITER           20   1.8081862       2.742e-06    1048576    2097152     21     (2097152, 2)

  Stage summary of CubBayesNetG
  --------------------------------------------------------------------------
  Stage   abs_tol   total n     new n  iters    solution half-width time (s)
  --------------------------------------------------------------------------
  Loose     1e-03     8,192     8,192     12   1.8082002   7.87e-04   0.0461
  Resumed   2e-06 2,097,152 2,088,960     20   1.8081862   1.37e-06  12.5019
  Fresh     2e-06 2,097,152 2,097,152     20   1.8081862   1.37e-06  12.3772
  --------------------------------------------------------------------------

~~~~~~~~~~~~~~~~~~~~~~~~~~~~~~~~~~~~~~~~~~~~~~~~~~~~~~~~~~~~

[CubMLMC] status=ok

  loose_inputs:
    rmse_tol: 2.000000
    n_init: 256
    n_limit: 16777216
    levels_min: 2
    levels_max: 10
    dimension: 4

  resume_inputs:
    rmse_tol: 0.500000
    n_init: 256
    n_limit: 16777216
    levels_min: 2
    levels_max: 10
    dimension: 4

  fresh_inputs:
    rmse_tol: 0.500000
    n_init: 256
    n_limit: 16777216
    levels_min: 2
    levels_max: 10
    dimension: 4

  loose_iteration_log:
    === CubMLMC-LOOSE iteration log ===
    stage        iter    solution   rmse_estimate        rmse_tol    n_total      m
    -------------------------------------------------------------------------------
    ITER            1 207.0359367       5.229e+00       2.000e+00        768      3
    ITER            2 201.2039513       1.422e+00       2.000e+00       6884      3
    ITER            3 201.4796230       1.387e+00       2.000e+00       7318      3
    ITER            4 201.5205381       1.386e+00       2.000e+00       7334      3

  resume_iteration_log:
    === CubMLMC-RESUME iteration log ===
    stage        iter    solution   rmse_estimate        rmse_tol    n_total      m
    -------------------------------------------------------------------------------
    ITER            1 207.0359367       5.229e+00       2.000e+00        768      3
    ITER            2 201.2039513       1.422e+00       2.000e+00       6884      3
    ITER            3 201.4796230       1.387e+00       2.000e+00       7318      3
    ITER            4 201.5205381       1.386e+00       2.000e+00       7334      3
    RESUME          1 201.5205381       1.386e+00       2.000e+00       7334      3
    ITER            2 200.2446979       3.565e-01       5.000e-01     110107      3
    ITER            3 200.2741150       3.455e-01       5.000e-01     117783      3

  fresh_iteration_log:
    === CubMLMC-FRESH iteration log ===
    stage        iter    solution   rmse_estimate        rmse_tol    n_total      m
    -------------------------------------------------------------------------------
    ITER            1 207.0359367       5.229e+00       5.000e-01        768      3
    ITER            2 200.2446979       3.565e-01       5.000e-01     110107      3
    ITER            3 200.2741150       3.455e-01       5.000e-01     117783      3

  Stage summary of CubMLMC
  --------------------------------------------------------------------------
  Stage   abs_tol   total n     new n  iters    solution half-width time (s)
  --------------------------------------------------------------------------
  Loose     2e+00     7,334     7,334      4 201.5205381   1.39e+00   0.0020
  Resumed   5e-01   117,783   110,449      3 200.2741150   3.45e-01   0.0100
  Fresh     5e-01   117,783   117,783      3 200.2741150   3.45e-01   0.0099
  --------------------------------------------------------------------------

~~~~~~~~~~~~~~~~~~~~~~~~~~~~~~~~~~~~~~~~~~~~~~~~~~~~~~~~~~~~

[CubMLQMC] status=ok

  loose_inputs:
    rmse_tol: 0.776449
    n_init: 256
    n_limit: 16777216
    levels_min: 2
    levels_max: 10
    dimension: 4

  resume_inputs:
    rmse_tol: 0.194112
    n_init: 256
    n_limit: 16777216
    levels_min: 2
    levels_max: 10
    dimension: 4

  fresh_inputs:
    rmse_tol: 0.194112
    n_init: 256
    n_limit: 16777216
    levels_min: 2
    levels_max: 10
    dimension: 4

  loose_iteration_log:
    === CubMLQMC-LOOSE iteration log ===
    stage        iter    solution   bias_estimate   rmse_estimate        rmse_tol    n_total      m
    -----------------------------------------------------------------------------------------------
    ITER            1 200.0615424       6.216e-02       1.161e+00       7.764e-01      24576      3
    ITER            2 200.0684331       6.216e-02       6.542e-01       7.764e-01      32768      3
    ITER            3 199.9866100       6.216e-02       4.249e-01       7.764e-01      49152      3

  resume_iteration_log:
    === CubMLQMC-RESUME iteration log ===
    stage        iter    solution   bias_estimate   rmse_estimate        rmse_tol    n_total      m
    -----------------------------------------------------------------------------------------------
    ITER            1 200.0615424       6.216e-02       1.161e+00       7.764e-01      24576      3
    ITER            2 200.0684331       6.216e-02       6.542e-01       7.764e-01      32768      3
    ITER            3 199.9866100       6.216e-02       4.249e-01       7.764e-01      49152      3
    RESUME          3 199.9866100       6.216e-02       4.249e-01       7.764e-01      49152      3
    ITER            4 199.9498284       6.216e-02       3.550e-01       1.941e-01      81920      3
    ITER            5 199.9817766       5.049e-01       5.686e-01       1.941e-01      90112      3
    ITER            6 199.9608651       5.049e-01       5.587e-01       1.941e-01     155648      3
    ITER            7 199.9406466       9.168e-02       2.311e-01       1.941e-01     172032      3
    ITER            8 199.9480050       5.292e-02       1.500e-01       1.941e-01     180224      3
    ITER            9 199.9524967       5.292e-02       1.379e-01       1.941e-01     311296      3

  fresh_iteration_log:
    === CubMLQMC-FRESH iteration log ===
    stage        iter    solution   bias_estimate   rmse_estimate        rmse_tol    n_total      m
    -----------------------------------------------------------------------------------------------
    ITER            1 200.0615424       6.216e-02       1.161e+00       1.941e-01      24576      3
    ITER            2 200.0684331       6.216e-02       6.542e-01       1.941e-01      32768      3
    ITER            3 199.9866100       6.216e-02       4.249e-01       1.941e-01      49152      3
    ITER            4 199.9498284       6.216e-02       3.550e-01       1.941e-01      81920      3
    ITER            5 199.9817766       5.049e-01       5.686e-01       1.941e-01      90112      3
    ITER            6 199.9608651       5.049e-01       5.587e-01       1.941e-01     155648      3
    ITER            7 199.9406466       9.168e-02       2.311e-01       1.941e-01     172032      3
    ITER            8 199.9480050       5.292e-02       1.500e-01       1.941e-01     180224      3
    ITER            9 199.9524967       5.292e-02       1.379e-01       1.941e-01     311296      3

  Stage summary of CubMLQMC
  --------------------------------------------------------------------------
  Stage   abs_tol   total n     new n  iters    solution half-width time (s)
  --------------------------------------------------------------------------
  Loose     8e-01    49,152    49,152      3 199.9866100   6.22e-02   0.0066
  Resumed   2e-01   311,296   262,144      9 199.9524967   5.29e-02   0.0203
  Fresh     2e-01   311,296   311,296      9 199.9524967   5.29e-02   0.0256
  --------------------------------------------------------------------------

~~~~~~~~~~~~~~~~~~~~~~~~~~~~~~~~~~~~~~~~~~~~~~~~~~~~~~~~~~~~

[CubMLMCCont] status=ok

  loose_inputs:
    target_rmse_tol: 1.000000
    n_init: 256
    n_limit: 16777216
    levels_min: 2
    levels_max: 10
    dimension: 4

  resume_inputs:
    target_rmse_tol: 0.500000
    n_init: 256
    n_limit: 16777216
    levels_min: 2
    levels_max: 10
    dimension: 4

  fresh_inputs:
    target_rmse_tol: 0.500000
    n_init: 256
    n_limit: 16777216
    levels_min: 2
    levels_max: 10
    dimension: 4

  loose_iteration_log:
    === CubMLMCCont-LOOSE iteration log ===
    stage        iter    solution        rmse_tol    n_total      m
    ---------------------------------------------------------------
    ITER            1 204.8072799       3.315e+00        768      3
    ITER            2 199.3161606       3.315e+00      16255      3
    ITER            3 199.4066413       3.312e+00      16346      3
    ITER            4 199.7983189       3.308e+00      21132      3
    ITER            5 199.7983189       3.305e+00      21132      3
    ITER            6 199.7983189       3.302e+00      21132      3
    ITER            7 199.7983189       3.298e+00      21132      3
    ITER            8 199.7983189       3.295e+00      21132      3
    ITER            9 199.7983189       3.292e+00      21132      3
    ITER           10 199.7983189       3.288e+00      21132      3
    ITER           11 199.7983189       3.285e+00      21132      3
    ITER           12 199.7983189       3.282e+00      21132      3
    ITER           13 199.7983189       3.279e+00      21132      3
    ITER           14 199.7983189       3.275e+00      21132      3
    ITER           15 199.7983189       3.272e+00      21132      3
    ITER           16 199.7983189       3.269e+00      21132      3
    ITER           17 199.7983189       3.265e+00      21132      3
    ITER           18 199.7983189       3.262e+00      21132      3
    ITER           19 199.7983189       3.259e+00      21132      3
    ITER           20 199.7983189       3.256e+00      21132      3
    ITER           21 199.7983189       3.252e+00      21132      3
    ITER           22 199.7983189       3.249e+00      21132      3
    ITER           23 199.7983189       3.246e+00      21132      3
    ITER           24 199.7983189       3.243e+00      21132      3
    ITER           25 199.7983189       3.239e+00      21132      3
    ITER           26 199.7983189       3.236e+00      21132      3
    ITER           27 199.7983189       3.233e+00      21132      3
    ITER           28 199.7983189       3.230e+00      21132      3
    ITER           29 199.7983189       3.227e+00      21132      3
    ITER           30 199.7983189       3.223e+00      21132      3
    ITER           40 199.7983189       3.191e+00      21132      3
    ITER           50 199.7983189       3.160e+00      21132      3
    ITER           60 199.7983189       3.128e+00      21132      3
    ITER           70 199.7983189       3.097e+00      21132      3
    ITER           80 199.7983189       3.066e+00      21132      3
    ITER           90 199.7983189       3.036e+00      21132      3
    ITER          100 199.7983189       3.006e+00      21132      3
    ITER          200 199.7983189       2.720e+00      21132      3
    ITER          300 199.7983189       2.461e+00      21132      3
    ITER          400 199.7983189       2.227e+00      21132      3
    ITER          500 199.7983189       2.015e+00      21132      3
    ITER          600 199.7983189       1.823e+00      21132      3
    ITER          700 199.7983189       1.650e+00      21132      3
    ITER          800 199.7983189       1.493e+00      21132      3
    ITER          900 199.4547697       1.351e+00      28494      3
    ITER         1000 199.4547697       1.223e+00      28494      3
    ITER         1201 199.4547697       1.000e+00      28494      3

  resume_iteration_log:
    === CubMLMCCont-RESUME iteration log ===
    stage        iter    solution        rmse_tol    n_total      m
    ---------------------------------------------------------------
    ITER            1 204.8072799       3.315e+00        768      3
    ITER            2 199.3161606       3.315e+00      16255      3
    ITER            3 199.4066413       3.312e+00      16346      3
    ITER            4 199.7983189       3.308e+00      21132      3
    ITER            5 199.7983189       3.305e+00      21132      3
    ITER            6 199.7983189       3.302e+00      21132      3
    ITER            7 199.7983189       3.298e+00      21132      3
    ITER            8 199.7983189       3.295e+00      21132      3
    ITER            9 199.7983189       3.292e+00      21132      3
    ITER           10 199.7983189       3.288e+00      21132      3
    ITER           11 199.7983189       3.285e+00      21132      3
    ITER           12 199.7983189       3.282e+00      21132      3
    ITER           13 199.7983189       3.279e+00      21132      3
    ITER           14 199.7983189       3.275e+00      21132      3
    ITER           15 199.7983189       3.272e+00      21132      3
    ITER           16 199.7983189       3.269e+00      21132      3
    ITER           17 199.7983189       3.265e+00      21132      3
    ITER           18 199.7983189       3.262e+00      21132      3
    ITER           19 199.7983189       3.259e+00      21132      3
    ITER           20 199.7983189       3.256e+00      21132      3
    ITER           21 199.7983189       3.252e+00      21132      3
    ITER           22 199.7983189       3.249e+00      21132      3
    ITER           23 199.7983189       3.246e+00      21132      3
    ITER           24 199.7983189       3.243e+00      21132      3
    ITER           25 199.7983189       3.239e+00      21132      3
    ITER           26 199.7983189       3.236e+00      21132      3
    ITER           27 199.7983189       3.233e+00      21132      3
    ITER           28 199.7983189       3.230e+00      21132      3
    ITER           29 199.7983189       3.227e+00      21132      3
    ITER           30 199.7983189       3.223e+00      21132      3
    ITER           40 199.7983189       3.191e+00      21132      3
    ITER           50 199.7983189       3.160e+00      21132      3
    ITER           60 199.7983189       3.128e+00      21132      3
    ITER           70 199.7983189       3.097e+00      21132      3
    ITER           80 199.7983189       3.066e+00      21132      3
    ITER           90 199.7983189       3.036e+00      21132      3
    ITER          100 199.7983189       3.006e+00      21132      3
    ITER          200 199.7983189       2.720e+00      21132      3
    ITER          300 199.7983189       2.461e+00      21132      3
    ITER          400 199.7983189       2.227e+00      21132      3
    ITER          500 199.7983189       2.015e+00      21132      3
    ITER          600 199.7983189       1.823e+00      21132      3
    ITER          700 199.7983189       1.650e+00      21132      3
    ITER          800 199.7983189       1.493e+00      21132      3
    ITER          900 199.4547697       1.351e+00      28494      3
    ITER         1000 199.4547697       1.223e+00      28494      3
    ITER         1201 199.4547697       1.000e+00      28494      3
    RESUME          1 199.4547697       1.000e+00      28494      3
    ITER            2 199.6065404       1.657e+00      77592      3
    ITER            3 200.0485644       1.657e+00     154672      4
    ITER            4 199.6019167       1.657e+00     156719      4
    ITER            5 199.5446575       1.656e+00     156719      3
    ITER            6 199.5446575       1.654e+00     156719      3
    ITER            7 199.5446575       1.652e+00     156719      3
    ITER            8 199.5446575       1.651e+00     156719      3
    ITER            9 199.5446575       1.649e+00     156719      3
    ITER           10 199.5446575       1.647e+00     156719      3
    ITER           11 199.5446575       1.646e+00     156719      3
    ITER           12 199.5446575       1.644e+00     156719      3
    ITER           13 199.5446575       1.643e+00     156719      3
    ITER           14 199.5446575       1.641e+00     156719      3
    ITER           15 199.5446575       1.639e+00     156719      3
    ITER           16 199.5446575       1.638e+00     156719      3
    ITER           17 199.5446575       1.636e+00     156719      3
    ITER           18 199.5446575       1.634e+00     156719      3
    ITER           19 199.5446575       1.633e+00     156719      3
    ITER           20 199.5446575       1.631e+00     156719      3
    ITER           21 199.5446575       1.629e+00     156719      3
    ITER           22 199.5446575       1.628e+00     156719      3
    ITER           23 199.5446575       1.626e+00     156719      3
    ITER           24 199.5446575       1.625e+00     156719      3
    ITER           25 199.5446575       1.623e+00     156719      3
    ITER           26 199.5446575       1.621e+00     156719      3
    ITER           27 199.5446575       1.620e+00     156719      3
    ITER           28 199.5446575       1.618e+00     156719      3
    ITER           29 199.5446575       1.617e+00     156719      3
    ITER           30 199.5446575       1.615e+00     156719      3
    ITER           40 199.5446575       1.599e+00     156719      3
    ITER           50 199.5446575       1.583e+00     156719      3
    ITER           60 199.5446575       1.567e+00     156719      3
    ITER           70 199.5446575       1.552e+00     156719      3
    ITER           80 199.5446575       1.536e+00     156719      3
    ITER           90 199.5446575       1.521e+00     156719      3
    ITER          100 199.5446575       1.506e+00     156719      3
    ITER          200 199.5446575       1.363e+00     156719      3
    ITER          300 199.5446575       1.233e+00     156719      3
    ITER          400 199.5446575       1.116e+00     156719      3
    ITER          500 199.5446575       1.010e+00     156719      3
    ITER          600 199.5446575       9.135e-01     156719      3
    ITER          700 199.5446575       8.266e-01     156719      3
    ITER          800 199.5446575       7.480e-01     156719      3
    ITER          900 199.5446575       6.769e-01     156719      3
    ITER         1000 199.5446575       6.125e-01     156719      3
    ITER         1203 199.5446575       5.000e-01     156719      3

  fresh_iteration_log:
    === CubMLMCCont-FRESH iteration log ===
    stage        iter    solution        rmse_tol    n_total      m
    ---------------------------------------------------------------
    ITER            1 204.8072799       1.657e+00        768      3
    ITER            2 199.6065404       1.657e+00      77592      3
    ITER            3 200.0485644       1.657e+00     154672      4
    ITER            4 199.6019167       1.657e+00     156719      4
    ITER            5 199.5446575       1.656e+00     156719      3
    ITER            6 199.5446575       1.654e+00     156719      3
    ITER            7 199.5446575       1.652e+00     156719      3
    ITER            8 199.5446575       1.651e+00     156719      3
    ITER            9 199.5446575       1.649e+00     156719      3
    ITER           10 199.5446575       1.647e+00     156719      3
    ITER           11 199.5446575       1.646e+00     156719      3
    ITER           12 199.5446575       1.644e+00     156719      3
    ITER           13 199.5446575       1.643e+00     156719      3
    ITER           14 199.5446575       1.641e+00     156719      3
    ITER           15 199.5446575       1.639e+00     156719      3
    ITER           16 199.5446575       1.638e+00     156719      3
    ITER           17 199.5446575       1.636e+00     156719      3
    ITER           18 199.5446575       1.634e+00     156719      3
    ITER           19 199.5446575       1.633e+00     156719      3
    ITER           20 199.5446575       1.631e+00     156719      3
    ITER           21 199.5446575       1.629e+00     156719      3
    ITER           22 199.5446575       1.628e+00     156719      3
    ITER           23 199.5446575       1.626e+00     156719      3
    ITER           24 199.5446575       1.625e+00     156719      3
    ITER           25 199.5446575       1.623e+00     156719      3
    ITER           26 199.5446575       1.621e+00     156719      3
    ITER           27 199.5446575       1.620e+00     156719      3
    ITER           28 199.5446575       1.618e+00     156719      3
    ITER           29 199.5446575       1.617e+00     156719      3
    ITER           30 199.5446575       1.615e+00     156719      3
    ITER           40 199.5446575       1.599e+00     156719      3
    ITER           50 199.5446575       1.583e+00     156719      3
    ITER           60 199.5446575       1.567e+00     156719      3
    ITER           70 199.5446575       1.552e+00     156719      3
    ITER           80 199.5446575       1.536e+00     156719      3
    ITER           90 199.5446575       1.521e+00     156719      3
    ITER          100 199.5446575       1.506e+00     156719      3
    ITER          200 199.5446575       1.363e+00     156719      3
    ITER          300 199.5446575       1.233e+00     156719      3
    ITER          400 199.5446575       1.116e+00     156719      3
    ITER          500 199.5446575       1.010e+00     156719      3
    ITER          600 199.5446575       9.135e-01     156719      3
    ITER          700 199.5446575       8.266e-01     156719      3
    ITER          800 199.5446575       7.480e-01     156719      3
    ITER          900 199.5446575       6.769e-01     156719      3
    ITER         1000 199.5446575       6.125e-01     156719      3
    ITER         1203 199.5446575       5.000e-01     156719      3

  Stage summary of CubMLMCCont
  ----------------------------------------------------------------------------
  Stage    rmse_tol   total n     new n  iters    solution half-width time (s)
  ----------------------------------------------------------------------------
  Loose       1e+00    28,494    28,494   1201 199.4547697   7.05e-01   0.1021
  Resumed     5e-01   156,719   128,225   1203 199.5446575   3.02e-01   0.5024
  Fresh       5e-01   156,719   156,719   1203 199.5446575   3.02e-01   0.1107
  ----------------------------------------------------------------------------

~~~~~~~~~~~~~~~~~~~~~~~~~~~~~~~~~~~~~~~~~~~~~~~~~~~~~~~~~~~~

[CubMLQMCCont] status=ok

  loose_inputs:
    target_rmse_tol: 0.388224
    n_init: 256
    n_limit: 16777216
    levels_min: 2
    levels_max: 10
    dimension: 4

  resume_inputs:
    target_rmse_tol: 0.194112
    n_init: 256
    n_limit: 16777216
    levels_min: 2
    levels_max: 10
    dimension: 4

  fresh_inputs:
    target_rmse_tol: 0.194112
    n_init: 256
    n_limit: 16777216
    levels_min: 2
    levels_max: 10
    dimension: 4

  loose_iteration_log:
    === CubMLQMCCont-LOOSE iteration log ===
    stage        iter    solution   bias_estimate        rmse_tol    n_total      m
    -------------------------------------------------------------------------------
    ITER            1 200.2300247       3.314e-01       1.287e+00      24576      3
    ITER            2 200.2300247       3.314e-01       1.286e+00      24576      3
    ITER            3 200.2300247       3.314e-01       1.284e+00      24576      3
    ITER            4 200.2300247       3.314e-01       1.283e+00      24576      3
    ITER            5 200.2300247       3.314e-01       1.282e+00      24576      3
    ITER            6 200.2300247       3.314e-01       1.280e+00      24576      3
    ITER            7 200.2300247       3.314e-01       1.279e+00      24576      3
    ITER            8 200.2300247       3.314e-01       1.278e+00      24576      3
    ITER            9 200.2300247       3.314e-01       1.277e+00      24576      3
    ITER           10 200.2300247       3.314e-01       1.275e+00      24576      3
    ITER           11 200.2300247       3.314e-01       1.274e+00      24576      3
    ITER           12 200.2300247       3.314e-01       1.273e+00      24576      3
    ITER           13 200.2300247       3.314e-01       1.272e+00      24576      3
    ITER           14 200.2300247       3.314e-01       1.270e+00      24576      3
    ITER           15 200.2300247       3.314e-01       1.269e+00      24576      3
    ITER           16 200.2300247       3.314e-01       1.268e+00      24576      3
    ITER           17 200.2300247       3.314e-01       1.266e+00      24576      3
    ITER           18 200.2300247       3.314e-01       1.265e+00      24576      3
    ITER           19 200.2300247       3.314e-01       1.264e+00      24576      3
    ITER           20 200.2300247       3.314e-01       1.263e+00      24576      3
    ITER           21 200.2300247       3.314e-01       1.261e+00      24576      3
    ITER           22 200.2300247       3.314e-01       1.260e+00      24576      3
    ITER           23 200.2300247       3.314e-01       1.259e+00      24576      3
    ITER           24 200.2300247       3.314e-01       1.258e+00      24576      3
    ITER           25 200.2300247       3.314e-01       1.256e+00      24576      3
    ITER           26 200.2300247       3.314e-01       1.255e+00      24576      3
    ITER           27 200.2300247       3.314e-01       1.254e+00      24576      3
    ITER           28 200.2300247       3.314e-01       1.253e+00      24576      3
    ITER           29 200.2300247       3.314e-01       1.251e+00      24576      3
    ITER           30 200.2300247       3.314e-01       1.250e+00      24576      3
    ITER           40 200.2300247       3.314e-01       1.238e+00      24576      3
    ITER           50 200.2300247       3.314e-01       1.225e+00      24576      3
    ITER           60 200.2300247       3.314e-01       1.213e+00      24576      3
    ITER           70 200.2300247       3.314e-01       1.201e+00      24576      3
    ITER           80 200.2300247       3.314e-01       1.189e+00      24576      3
    ITER           90 200.2300247       3.314e-01       1.177e+00      24576      3
    ITER          100 200.2300247       3.314e-01       1.166e+00      24576      3
    ITER          200 200.2300247       3.314e-01       1.055e+00      24576      3
    ITER          300 200.0919594       3.314e-01       9.554e-01      32768      3
    ITER          400 200.0919594       3.314e-01       8.645e-01      32768      3
    ITER          500 200.0919594       3.314e-01       7.823e-01      32768      3
    ITER          600 200.0919594       3.314e-01       7.079e-01      32768      3
    ITER          700 200.0919594       3.314e-01       6.406e-01      32768      3
    ITER          800 200.0074996       3.314e-01       5.802e-01      49152      3
    ITER          900 200.0074996       3.314e-01       5.250e-01      49152      3
    ITER         1000 200.0074996       3.314e-01       4.751e-01      49152      3
    ITER         1203 200.0365280       3.314e-01       3.882e-01      81920      3

  resume_iteration_log:
    === CubMLQMCCont-RESUME iteration log ===
    stage        iter    solution   bias_estimate        rmse_tol    n_total      m
    -------------------------------------------------------------------------------
    ITER            1 200.2300247       3.314e-01       1.287e+00      24576      3
    ITER            2 200.2300247       3.314e-01       1.286e+00      24576      3
    ITER            3 200.2300247       3.314e-01       1.284e+00      24576      3
    ITER            4 200.2300247       3.314e-01       1.283e+00      24576      3
    ITER            5 200.2300247       3.314e-01       1.282e+00      24576      3
    ITER            6 200.2300247       3.314e-01       1.280e+00      24576      3
    ITER            7 200.2300247       3.314e-01       1.279e+00      24576      3
    ITER            8 200.2300247       3.314e-01       1.278e+00      24576      3
    ITER            9 200.2300247       3.314e-01       1.277e+00      24576      3
    ITER           10 200.2300247       3.314e-01       1.275e+00      24576      3
    ITER           11 200.2300247       3.314e-01       1.274e+00      24576      3
    ITER           12 200.2300247       3.314e-01       1.273e+00      24576      3
    ITER           13 200.2300247       3.314e-01       1.272e+00      24576      3
    ITER           14 200.2300247       3.314e-01       1.270e+00      24576      3
    ITER           15 200.2300247       3.314e-01       1.269e+00      24576      3
    ITER           16 200.2300247       3.314e-01       1.268e+00      24576      3
    ITER           17 200.2300247       3.314e-01       1.266e+00      24576      3
    ITER           18 200.2300247       3.314e-01       1.265e+00      24576      3
    ITER           19 200.2300247       3.314e-01       1.264e+00      24576      3
    ITER           20 200.2300247       3.314e-01       1.263e+00      24576      3
    ITER           21 200.2300247       3.314e-01       1.261e+00      24576      3
    ITER           22 200.2300247       3.314e-01       1.260e+00      24576      3
    ITER           23 200.2300247       3.314e-01       1.259e+00      24576      3
    ITER           24 200.2300247       3.314e-01       1.258e+00      24576      3
    ITER           25 200.2300247       3.314e-01       1.256e+00      24576      3
    ITER           26 200.2300247       3.314e-01       1.255e+00      24576      3
    ITER           27 200.2300247       3.314e-01       1.254e+00      24576      3
    ITER           28 200.2300247       3.314e-01       1.253e+00      24576      3
    ITER           29 200.2300247       3.314e-01       1.251e+00      24576      3
    ITER           30 200.2300247       3.314e-01       1.250e+00      24576      3
    ITER           40 200.2300247       3.314e-01       1.238e+00      24576      3
    ITER           50 200.2300247       3.314e-01       1.225e+00      24576      3
    ITER           60 200.2300247       3.314e-01       1.213e+00      24576      3
    ITER           70 200.2300247       3.314e-01       1.201e+00      24576      3
    ITER           80 200.2300247       3.314e-01       1.189e+00      24576      3
    ITER           90 200.2300247       3.314e-01       1.177e+00      24576      3
    ITER          100 200.2300247       3.314e-01       1.166e+00      24576      3
    ITER          200 200.2300247       3.314e-01       1.055e+00      24576      3
    ITER          300 200.0919594       3.314e-01       9.554e-01      32768      3
    ITER          400 200.0919594       3.314e-01       8.645e-01      32768      3
    ITER          500 200.0919594       3.314e-01       7.823e-01      32768      3
    ITER          600 200.0919594       3.314e-01       7.079e-01      32768      3
    ITER          700 200.0919594       3.314e-01       6.406e-01      32768      3
    ITER          800 200.0074996       3.314e-01       5.802e-01      49152      3
    ITER          900 200.0074996       3.314e-01       5.250e-01      49152      3
    ITER         1000 200.0074996       3.314e-01       4.751e-01      49152      3
    ITER         1203 200.0365280       3.314e-01       3.882e-01      81920      3
    RESUME        510 200.0365280       3.314e-01       3.882e-01      81920      3
    ITER          600 200.0609182       4.145e-01       3.550e-01      90112      3
    ITER          700 200.0609182       4.145e-01       3.212e-01      90112      3
    ITER          800 200.0609182       4.145e-01       2.907e-01      90112      3
    ITER          900 200.0711107       4.145e-01       2.638e-01     163840      3
    ITER         1000 200.0597698       1.359e-02       2.421e-01     180224      4
    ITER         1347 200.0128732       6.114e-02       1.941e-01     221184      3

  fresh_iteration_log:
    === CubMLQMCCont-FRESH iteration log ===
    stage        iter    solution   bias_estimate        rmse_tol    n_total      m
    -------------------------------------------------------------------------------
    ITER            1 200.2300247       3.314e-01       6.434e-01      24576      3
    ITER            2 200.0919594       3.314e-01       6.434e-01      32768      3
    ITER            3 200.0919594       3.314e-01       6.428e-01      32768      3
    ITER            4 200.0919594       3.314e-01       6.422e-01      32768      3
    ITER            5 200.0919594       3.314e-01       6.415e-01      32768      3
    ITER            6 200.0919594       3.314e-01       6.409e-01      32768      3
    ITER            7 200.0919594       3.314e-01       6.402e-01      32768      3
    ITER            8 200.0919594       3.314e-01       6.396e-01      32768      3
    ITER            9 200.0919594       3.314e-01       6.390e-01      32768      3
    ITER           10 200.0919594       3.314e-01       6.383e-01      32768      3
    ITER           11 200.0919594       3.314e-01       6.377e-01      32768      3
    ITER           12 200.0919594       3.314e-01       6.370e-01      32768      3
    ITER           13 200.0919594       3.314e-01       6.364e-01      32768      3
    ITER           14 200.0919594       3.314e-01       6.358e-01      32768      3
    ITER           15 200.0919594       3.314e-01       6.351e-01      32768      3
    ITER           16 200.0919594       3.314e-01       6.345e-01      32768      3
    ITER           17 200.0919594       3.314e-01       6.339e-01      32768      3
    ITER           18 200.0919594       3.314e-01       6.332e-01      32768      3
    ITER           19 200.0919594       3.314e-01       6.326e-01      32768      3
    ITER           20 200.0919594       3.314e-01       6.320e-01      32768      3
    ITER           21 200.0919594       3.314e-01       6.313e-01      32768      3
    ITER           22 200.0919594       3.314e-01       6.307e-01      32768      3
    ITER           23 200.0919594       3.314e-01       6.301e-01      32768      3
    ITER           24 200.0919594       3.314e-01       6.295e-01      32768      3
    ITER           25 200.0919594       3.314e-01       6.288e-01      32768      3
    ITER           26 200.0919594       3.314e-01       6.282e-01      32768      3
    ITER           27 200.0919594       3.314e-01       6.276e-01      32768      3
    ITER           28 200.0919594       3.314e-01       6.269e-01      32768      3
    ITER           29 200.0919594       3.314e-01       6.263e-01      32768      3
    ITER           30 200.0919594       3.314e-01       6.257e-01      32768      3
    ITER           40 200.0919594       3.314e-01       6.195e-01      32768      3
    ITER           50 200.0919594       3.314e-01       6.133e-01      32768      3
    ITER           60 200.0919594       3.314e-01       6.072e-01      32768      3
    ITER           70 200.0074996       3.314e-01       6.018e-01      49152      3
    ITER           80 200.0074996       3.314e-01       5.958e-01      49152      3
    ITER           90 200.0074996       3.314e-01       5.899e-01      49152      3
    ITER          100 200.0074996       3.314e-01       5.840e-01      49152      3
    ITER          200 200.0074996       3.314e-01       5.284e-01      49152      3
    ITER          300 200.0074996       3.314e-01       4.782e-01      49152      3
    ITER          400 200.0365280       3.314e-01       4.331e-01      81920      3
    ITER          500 200.0365280       3.314e-01       3.919e-01      81920      3
    ITER          600 200.0609182       4.145e-01       3.550e-01      90112      3
    ITER          700 200.0609182       4.145e-01       3.212e-01      90112      3
    ITER          800 200.0609182       4.145e-01       2.907e-01      90112      3
    ITER          900 200.0711107       4.145e-01       2.638e-01     163840      3
    ITER         1000 200.0597698       1.359e-02       2.421e-01     180224      4
    ITER         1347 200.0128732       6.114e-02       1.941e-01     221184      3

  Stage summary of CubMLQMCCont
  ----------------------------------------------------------------------------
  Stage    rmse_tol   total n     new n  iters    solution half-width time (s)
  ----------------------------------------------------------------------------
  Loose       4e-01    81,920    81,920   1203 200.0365280   3.31e-01   0.0423
  Resumed     2e-01   221,184   139,264   1347 200.0128732   6.11e-02   0.2071
  Fresh       2e-01   221,184   221,184   1347 200.0128732   6.11e-02   0.0633
  ----------------------------------------------------------------------------
