4.142203472435693756e-01
3.034980851926601941e-01
2.651126571263668907e-01
2.240165039182035467e-01
3.594969496608815263e-01
3.699458502902404633e-01
2.773492676049536532e-01
1.533988063966808812e-01
2.204238404329409984e-01
4.331705788769492638e-01
2.176327492823897924e-01
1.189137807398970154e-01
1.472717428196881062e-01
1.844339505629284948e-01
9.472854959116598639e-02
4.636074369074671964e-01
1.078109852751330255e-01
2.566091803390356807e-01
2.732598713168087889e-01
1.869522092069425545e-01
1.971484130029915738e-01
4.678420178140491048e-01
4.501379421822881977e-01
1.888480245052081841e-01
7.753118361131922098e-02
2.540124319674564868e-01
4.811009708556794329e-01
3.176146895847311580e-01
4.734328779680609944e-01
4.577375156295145908e-01
1.597886563034816021e-01
1.832240492919504915e-01
4.362965409509785841e-01
1.626597447592192658e-01
4.517813187176435985e-01
1.137850509291268991e-01
3.237289496803920641e-01
4.593924018750676352e-01
3.507204374120477253e-01
4.618112015080885757e-01
4.302834230713140640e-01
3.562641172724075322e-01
4.789777914792398700e-02
1.771465272747916042e-01
9.545089119300091685e-02
3.454836007108617046e-01
5.771289471739993182e-02
2.282477229770496774e-01
1.921764092897081944e-01
1.649703837232463499e-01
6.731556092444652972e-02
4.425392067353348668e-01
9.279099598567397411e-02
6.157993263927499794e-02
8.054502955378506357e-02
2.383545562105371107e-01
3.115195735035199420e-01
2.312533161108382973e-01
1.620433858118505710e-01
3.460377637119148586e-01
3.885011838781304294e-01
2.118170667050997547e-01
2.753446056789922158e-01
3.212497773002421786e-01
6.358845810216114114e-02
1.582001750329891931e-01
3.796701127130453490e-01
9.807000301529043840e-02
2.102838889123944122e-01
2.476499716138703122e-01
4.524223782086574941e-01
1.395805153040060864e-01
4.388156504088012166e-01
3.166900655180739932e-01
1.555328767773537790e-01
4.623979742854275043e-01
2.290927995433713615e-01
1.779291344891924531e-01
3.550868710626635116e-01
4.397500832723008624e-01
3.742532679877018653e-01
3.644623303626439159e-01
2.109933268903845249e-01
2.583410083551430092e-01
2.870231772323342812e-01
8.419289270616633902e-02
2.372540092989834093e-01
4.885903943582382558e-01
3.270817314553088329e-01
3.823075487202919898e-01
2.532279595761716684e-01
8.224627935584248595e-02
1.264848538733339967e-01
3.217200432220057027e-01
1.605413793312896742e-01
3.761245092942794854e-01
1.353287653179754413e-01
3.227701377459067933e-01
9.797136080383883616e-02
2.360932102257006504e-01
4.771527194885101242e-01
1.347931046313381176e-01
9.873766264765471146e-02
3.511752596466409249e-01
2.036152193371697783e-01
1.913918712255108789e-01
4.741714489182465297e-01
3.771781518717847170e-01
3.767738638341551205e-01
4.299264318123561801e-01
1.975990327626316601e-01
4.376326021054573884e-02
8.156084762733067928e-02
1.633342616740402764e-01
8.173728362231372224e-02
1.061267742676502562e-01
3.870034454302785920e-01
2.468235269525965170e-01
2.123795970091862662e-01
3.801209899116523294e-01
4.597983339219788856e-01
2.553688504936512116e-01
3.815703098327494214e-01
4.061846829378231161e-01
4.826072430448938300e-02
3.098806366271800727e-01
4.901236211262026687e-01
2.316614627049201902e-01
3.408806466637023802e-01
3.624806898629132634e-01
4.033693214635747371e-01
4.360048603347358998e-01
3.835943441777141527e-01
1.356975858343321684e-01
4.548698031958438026e-01
3.661659095377928774e-01
4.510840974227295352e-01
1.269552703548036121e-01
2.784288248654434028e-01
8.729447302594826874e-02
3.521304328224729718e-01
2.560496327269503047e-01
9.907617055756030855e-02
9.725950514309672501e-02
1.289384590786710194e-01
3.121809728289090535e-01
3.837723112948570603e-01
3.715092084153305829e-01
1.574241754644576941e-01
1.587471924351952779e-01
4.587861972780029607e-01
1.055176012172300004e-01
2.878158389541553008e-01
2.899198874577008644e-01
6.269067330365984958e-02
1.260757509086015693e-01
1.064672462597785890e-01
2.746689629685499234e-01
1.056622056867299320e-01
1.307761423570110160e-01
4.659186408062883644e-01
2.390192846262020887e-01
4.916041700049377239e-01
4.292306515972507674e-01
2.150081480198001438e-01
3.540997370385184917e-01
9.180733596622166204e-02
5.833870034382528103e-02
3.494487820585992499e-01
3.404942214412473023e-01
5.373710992289049831e-02
2.966449554573712954e-01
3.129320145872445114e-01
3.219718033210096086e-01
3.629920184626105328e-01
9.628192536907634325e-02
3.842338582062612140e-01
3.542183042849968988e-01
4.773981896596186658e-01
3.108230807236616600e-01
1.978748674757737358e-01
4.259195891523742672e-02
2.289744810435899169e-01
1.026597652185626680e-01
1.613651076566735842e-01
1.028487355174743517e-01
3.557407848706965470e-01
1.236892003245810417e-01
2.892737388329688075e-01
3.517378822363199653e-01
4.764500894610914639e-01
3.712313275786099931e-01
2.345541714381446652e-01
2.293154371144136283e-01
2.546088914875337395e-01
1.549110646652766266e-01
1.152208658783517581e-01
4.873071677485741882e-01
1.262760930567633222e-01
2.900092747004309190e-01
2.017183116530210651e-01
3.651008694893320139e-01
3.185436622598961653e-01
2.961565416109240290e-01
2.393678464426404473e-01
1.607553123905260395e-01
1.222471605531184613e-01
6.205115236248418681e-02
4.251442772994278307e-01
1.752667809947087707e-01
4.256027331401963099e-01
5.630280655077776752e-02
6.308517478079200824e-02
8.498223717233428787e-02
2.545302852196373866e-01
2.337926549584897762e-01
2.387179913757643546e-01
3.826385454037528056e-01
4.261866177747959950e-01
4.383965953641157931e-01
4.567654534478526318e-01
7.982037688844807743e-02
4.882690718937985341e-01
5.070699714285481496e-02
3.186901836624251860e-01
2.331951772425101266e-01
3.512755464796768479e-01
4.396254732706255663e-01
6.776501269315854392e-02
2.119156217127546871e-01
3.510931158093181237e-01
9.190461975134429917e-02
4.573680149512324711e-01
1.157258334999453631e-01
7.613798081193871858e-02
1.284533813242407785e-01
1.644348362757907800e-01
4.217857647111988850e-02
1.452747919700608792e-01
3.501596142123005184e-01
1.941509369992229228e-01
3.242914542951624846e-01
2.126048581102059354e-01
1.371217271107900981e-01
1.407306024368696340e-01
2.152557990877062011e-01
2.739054937484451946e-01
4.842838592057178149e-01
3.239847545157728548e-01
2.358606151833054776e-01
2.580157856644478831e-01
2.341328723822067304e-01
1.275631391618621546e-01
4.026882003673794008e-01
2.895258931806939939e-01
1.218652131496428676e-01
1.557804195837557137e-01
2.534949265518997574e-01
2.577103162060499497e-01
3.239068544709721720e-01
1.615494229899434031e-01
2.273959183495814496e-01
1.357589461523716623e-01
5.980339916598548244e-02
9.173052455331372201e-02
4.789416038618632965e-01
3.728623734726107530e-01
4.865380868506318790e-01
4.889991753985143963e-01
3.755902756732413805e-01
4.386323544916618800e-01
2.689025829493510433e-01
2.124828933841076961e-01
4.675095422465802564e-01
2.743815429416147089e-01
4.429714070141824722e-01
4.226644277058518862e-01
1.811554946214539163e-01
3.147758480463546116e-01
9.571676952796180637e-02
3.547068239291699676e-01
1.860255529418894105e-01
1.823422925319016785e-01
1.912618984372686237e-01
9.135940798400504770e-02
7.919825706777747221e-02
4.908640889797093454e-01
4.372279640228657893e-01
4.662899387873932211e-01
4.402804976453932873e-01
2.794429679347634199e-01
3.402810886056443218e-01
3.519593220627151298e-01
3.659713914564317050e-01
2.949922609697055442e-01
3.958682638660824815e-01
1.560766682927764715e-01
2.085514221376030541e-01
4.623139973165389938e-01
3.467393073899769917e-01
3.274216892867987116e-01
1.783017015622504475e-01
2.977392090770296096e-01
1.312680331674152545e-01
4.555758471045200375e-01
3.160013175158957188e-01
4.700229530819763357e-02
1.584664798577351263e-01
1.913003953532163015e-01
4.896781037165491290e-01
4.897618580239935793e-01
1.561395556458554379e-01
1.124753258902688041e-01
4.010466267723396955e-02
2.788231856666713582e-01
1.306724754396543231e-01
2.902303608542314284e-01
1.920302153606178175e-01
7.439003426581362877e-02
3.410583858973167404e-01
3.498714126377795997e-01
8.686737774159968006e-02
1.402029980839386292e-01
4.042196731002282162e-01
3.540289580798556268e-01
3.165394882544499966e-01
8.032631754913292788e-02
1.485874724659569102e-01
7.604097876954324375e-02
1.651479668405673729e-01
9.141211605077731450e-02
1.508255997411976912e-01
4.652610229594674185e-01
1.396989130719292482e-01
4.753706075248941287e-01
3.759084555461737476e-01
6.111333087666662167e-02
3.736824905856231949e-01
2.404556837696470717e-01
3.378847370215534718e-01
2.984263989476939605e-01
2.679811247395182949e-01
4.960445846638388001e-02
9.599017636540939369e-02
4.655525873776492629e-01
1.350752515191960823e-01
4.527523901286797936e-02
1.865475874778329823e-01
2.359042131141300125e-01
7.714157866086245041e-02
4.875226323417088947e-01
1.292364752971667530e-01
3.628374519337667636e-01
2.955045509163006234e-01
1.828090294490175849e-01
9.625081759007185489e-02
2.706180993798459888e-01
3.522173990066402305e-01
1.979501171130950421e-01
3.273497587328735858e-01
1.498321138556007459e-01
3.853256940990121837e-01
8.756390933980411073e-02
4.574530087302682846e-01
2.552702759352348250e-01
4.061040430340416840e-01
2.098051433963613321e-01
4.672308710492660833e-01
2.756120646363258708e-01
4.882211405630013101e-01
4.837824910901755149e-01
2.708515583542068783e-01
3.769069512986014669e-01
1.290693154846311030e-01
6.851170483910341835e-02
3.573889680152381731e-01
3.251261231367771343e-01
6.707753426848717115e-02
1.017679855662224908e-01
2.519933098130712201e-01
4.611333668720981049e-01
4.786800663422355884e-01
4.800862270981584579e-01
1.315084868523417327e-01
4.888470670501999793e-01
4.048016809889990464e-01
2.551881932805555309e-01
3.110256135622102569e-01
3.959352865059329041e-01
3.192244452880951266e-01
3.805020144338543964e-01
2.864377107089495778e-01
3.128813913963462978e-02
2.629827495137044280e-01
4.042781685399354785e-01
4.038266330491440126e-01
8.762672684733158190e-02
4.626060590765820324e-01
4.921286219706645648e-02
4.459180464951374434e-01
1.638288846630682749e-01
1.636553875907237887e-01
3.983487229007931507e-01
3.146271606145630839e-01
2.989529343433646180e-01
3.715897808791388535e-01
2.903915732643105874e-01
3.464725822461850457e-01
1.147985574906460471e-01
3.622848520065964917e-01
1.226089956621555094e-01
3.900365847260988672e-01
3.093437704051150150e-01
2.801017792985455168e-01
2.106553377909797797e-01
4.540333543127259008e-01
1.194577059877830610e-01
2.028539921523746792e-01
1.987113348457529571e-01
1.396676586640394901e-01
1.644056988736798952e-01
4.743986723076253909e-01
1.407958989446057851e-01
2.712140382024508245e-01
8.144351098154059554e-02
6.396947008574470350e-02
9.741355900155662662e-02
3.179126843457144580e-01
3.982733753040209601e-01
2.291962978240937032e-01
2.147938431168157913e-01
9.605214288282720725e-02
2.987452532237037106e-01
8.236571812504031587e-02
3.377022394363422553e-01
4.208546703811946177e-01
1.234829496294471279e-01
3.518056273339790763e-01
2.751821390614934137e-01
7.904933334734282058e-02
4.514546525869691518e-01
4.023461343856542943e-02
8.184827879671888184e-02
4.924830319509957977e-01
1.268282551891605769e-01
2.591941986801364894e-01
4.029544620119016041e-01
4.415079537055152104e-01
4.487435055942354811e-01
3.497648067174626840e-01
1.166296724958517383e-01
3.221192499324990188e-01
3.113861012235986658e-01
4.387028999043750543e-01
6.409259473135019147e-02
4.805075565220899847e-01
2.015362177664665189e-01
1.018438469192512047e-01
6.469721042356256502e-02
9.914729344098535679e-02
2.680703850659483800e-01
1.827010092539330666e-01
1.803993062026741090e-01
3.186197359022720499e-01
2.299636247250708421e-01
3.495313465155018839e-01
2.793028017062551549e-01
1.805947709098217058e-01
1.349829630239501310e-01
3.405684928952505408e-01
3.518745509166621988e-01
1.853818946886529040e-01
4.371228290543032191e-01
2.988860792684677747e-01
3.160193818317864611e-01
9.714606063806449643e-02
3.375535684189203689e-01
1.815314050914105248e-01
4.563783942950817574e-01
2.913485127242339545e-01
2.579756772379325769e-01
4.901740080760590978e-01
7.914242927931169902e-02
4.028035333635942017e-01
1.152885665695358025e-01
5.678373508139000075e-02
3.890281510091361805e-01
8.473503071394584973e-02
3.660648904685545046e-01
2.878933523481899681e-01
3.625651679144112349e-01
1.486022931408336467e-01
4.864087519841819862e-01
4.805669699354782054e-01
1.453914733478227084e-01
4.871319001081726996e-01
1.312066314668945133e-01
2.576519852737754190e-01
1.760413536411326585e-01
2.397919820012535674e-01
4.372922142504961918e-01
1.134838952727068029e-01
3.416226845642298393e-01
4.041703035837231894e-01
1.651058847617565828e-01
2.756724598306695695e-01
1.155033039737025508e-01
1.413198035567743149e-01
2.877731804682536754e-01
4.649558172375937715e-01
2.160779890441720807e-01
1.180827304054172383e-01
2.738366104313613714e-01
2.527112382854432293e-01
4.790131747160991105e-01
3.519141671501593294e-01
4.261531378490552857e-01
1.759054677914857756e-01
3.808009158393980131e-01
3.818293794739157088e-01
4.469166864195566746e-01
1.876522659826313777e-01
2.576206625787877402e-01
3.495729766214429879e-01
8.190049657868558874e-02
1.027656231911884266e-01
3.156379596306161384e-01
4.816405181639440425e-01
4.361063878698561158e-01
3.985437664291361926e-01
4.422133992277453851e-01
1.452477369242373972e-01
2.286251048350919635e-01
3.048927096655699998e-02
4.549603850779972425e-01
2.744675246532125579e-01
2.888588196186107071e-01
1.027842772985519959e-01
2.547054117085554847e-01
2.161473145466489831e-01
1.754770410346515874e-01
1.559881645243774706e-01
3.269104688220149657e-01
1.746246562150290671e-01
2.016506088822385967e-01
4.738432232770715680e-01
2.615016582001313816e-01
1.477187291525189627e-01
4.931658221299849848e-02
2.808000467232991959e-02
3.953836858042411029e-01
4.902963310115662221e-01
3.156746372231351017e-01
2.293664335983863489e-01
2.708035734489648294e-01
2.340818166363422825e-01
4.874942657031245963e-01
2.359359120512191099e-01
1.910363813154960511e-01
1.934022267564561026e-01
2.016203820387014178e-01
3.107749565322774910e-01
4.883875943840564893e-01
3.112543046682451076e-01
2.535370995686865858e-01
1.434937136103155708e-01
2.811678653689722931e-02
1.305626558843425988e-01
4.743468286002747170e-01
1.585191109863371695e-01
2.292250459214761893e-01
1.803617056430770749e-01
6.806102060795915509e-02
1.826417973897831726e-01
3.798384511586496703e-01
2.747422010411917359e-01
3.899918043056819217e-01
3.458912507950190340e-02
2.902634898392121854e-01
2.738509638505297050e-01
1.277626835610065070e-01
2.278404418048014524e-01
2.867549411070171028e-01
1.643912642785199385e-01
1.269006614121088172e-01
1.558035354693156904e-01
2.056258044137869445e-01
2.147478430844706465e-01
3.501299869343150739e-01
1.975433909119661824e-01
3.828728534276828466e-01
7.302165150862512111e-02
1.053692669235284235e-01
4.895257868664456558e-01
3.979772829759166686e-01
3.100563979972172923e-01
4.088142199071968796e-02
1.619346617849157233e-01
2.865774935363129550e-01
1.263308894247173464e-01
3.836463270837676132e-01
4.294972024998418569e-01
1.167269508221720348e-01
4.579322452010229361e-01
4.780647209886537685e-01
1.148704593603230711e-01
6.789771120911931857e-02
4.768721017600329182e-01
1.436038077728103990e-01
1.134464802114639459e-01
3.766408388893339176e-01
1.780569459791546960e-01
5.806897499273095536e-02
1.854016495795823283e-01
1.158113030593420217e-01
1.044871976501605543e-01
1.864140012373680932e-01
2.961382757043002356e-01
4.471333467223296831e-01
1.397641766956334297e-01
4.580472078043985040e-01
2.338251185927282261e-01
2.033115362290143224e-01
2.902828401856097362e-01
2.555765502071881690e-01
4.229761112273289769e-01
3.544162514105084205e-01
1.194799075203051147e-01
8.439083774331684884e-02
2.618227656500462519e-01
3.764489348277000880e-01
1.584114757202067236e-01
1.872643911479710266e-01
3.510311159451246499e-01
1.865140461180062048e-01
7.222972312492900726e-02
6.305593782617362197e-02
1.029981308517813471e-01
2.989784182461177053e-01
2.786633770351209516e-01
4.768591852113683860e-01
9.733505470753571476e-02
3.406671096870261262e-01
4.908402303887152707e-01
1.825351736269223701e-01
5.212236348531837371e-02
2.365327645681310487e-01
3.576080901578783666e-01
3.363478461576404066e-01
1.157583987857773306e-01
2.454272827315980843e-01
1.340419974119508584e-01
2.750543242581931502e-01
2.754540567427063436e-01
2.467606629826925302e-01
3.298668237854049390e-01
4.304860242494178979e-01
1.238457061079750871e-01
5.665853994530267723e-02
3.833564838421443799e-01
3.543573414635490249e-01
3.222786316577678223e-01
1.138988286260280841e-01
4.837009959892534655e-02
3.574453983099267207e-01
4.769018540344041601e-01
2.984601923973424498e-01
3.378612737390820908e-01
4.844266058099745420e-01
1.446669454243533770e-01
3.610551019290911823e-01
1.306268340915687776e-01
4.742477820058248472e-01
3.399852649870305221e-01
1.804341285839589637e-01
1.281788275515200748e-01
3.740452801815291606e-02
3.451395524013152194e-01
2.689560264004000056e-01
2.273432104872753767e-01
4.765244732097096980e-01
5.670800153462900867e-02
2.013240713736088316e-01
3.122191153299682109e-01
2.337074559728420375e-01
2.965422680568386982e-01
2.840086109299251246e-02
2.950407352477290024e-01
2.161179017279568071e-01
3.499366204585118156e-01
3.577086227887699144e-01
2.470091722369180953e-01
1.496172358266707192e-01
6.192009897439657018e-02
4.213578621415454140e-01
2.033342643231806357e-01
6.407248767325460226e-02
2.460404429751142652e-01
4.589969317782945923e-01
3.407528940671965545e-01
4.541673341651134010e-01
9.680297529901144005e-02
8.432986822909756264e-02
3.420052965864657235e-01
4.802313241618306194e-01
3.406827301495588545e-01
3.463278069450346219e-01
6.772505532038286535e-02
1.824304275725290858e-01
1.072698932611969164e-01
1.747480374390746605e-01
3.111239698251662689e-01
1.230978765903267408e-01
3.491532685533151326e-01
8.683147696472291732e-02
2.456034727079165758e-01
3.492264099101526909e-01
3.985189903693101554e-01
2.124614160444903976e-01
1.065408718475641253e-01
2.284816320096335895e-01
2.474391877779451576e-01
4.837470939777899770e-01
3.463168549571852273e-01
3.273210132214231516e-01
4.236735539907965364e-02
1.614116822541494800e-01
6.754292793120078575e-02
9.841658420242861693e-02
3.154064931243080183e-01
3.288473795165722802e-01
3.607410790283975821e-01
2.629556458546493669e-01
1.487688361883944821e-01
1.786521714647344994e-01
9.059392010206973600e-02
3.564035317565043548e-01
8.735325986690285760e-02
1.054010135149699157e-01
1.687878577753464115e-01
1.747385551886547206e-01
1.780736641138460086e-01
4.543073514278958003e-01
3.887109019535420207e-01
1.745342899554250260e-01
2.115104005020476963e-01
7.417352032224426572e-02
4.817177314817377987e-01
3.473845914597953888e-01
1.259195603997423918e-01
4.196649107163101800e-01
1.228390992476148524e-01
1.805332867881324077e-01
2.299132578337447774e-01
2.745510409406040075e-01
2.028354588989977891e-01
2.694023884259850732e-01
3.524775654578570783e-01
4.383043905176604582e-01
3.288863762801241819e-01
2.841254375128498405e-02
4.472647041245961241e-01
4.382897244991931784e-01
5.654087512845146907e-02
1.759674036825155385e-01
3.301091556248454961e-01
6.869057179167716021e-02
7.653501216657210282e-02
4.943491341484789747e-01
1.169290739713681887e-01
2.954868656910206726e-01
3.616121260937917026e-02
7.606645130732807292e-02
2.837286134439183094e-01
1.341953034086929564e-01
3.243788024828916927e-01
4.758384519785966438e-01
2.705952090534645693e-01
1.416037903414406329e-01
4.380777379234540581e-02
4.386099439618511564e-01
3.064689865159033258e-02
1.453180896248481568e-01
4.515300046744018525e-01
4.272625134585958384e-01
1.878082160753974106e-01
7.492867589082492785e-02
3.267686857974436698e-01
2.997131216476117133e-01
6.302437789056543338e-02
1.688050752827015832e-01
2.617931136423356508e-01
4.529893415306545518e-02
4.469498522879853941e-01
1.936047332876586480e-01
4.300913604029573678e-01
2.469554631122366506e-01
1.484995491079747487e-01
3.807877197841180172e-01
3.146385725511540166e-01
4.619427841857283168e-01
2.092341254344315116e-01
3.051377120836522641e-02
1.054749916848079228e-01
2.360141681419685999e-01
3.900187671924985611e-01
1.931494908759003593e-01
1.555955084723515958e-01
2.796500088655412553e-01
1.155435133791309632e-01
1.486557524248153517e-01
3.289974801680554672e-01
3.950829184760527024e-01
3.797860682304090574e-01
3.940716773919534371e-02
4.063014699130647611e-01
3.450830383220119257e-01
1.030846654835823745e-01
5.155317544002453040e-02
4.864263723458038813e-01
2.841291988504833499e-02
2.162540080663502839e-01
2.878489927461270192e-01
4.928189958122102254e-01
2.468763570592978907e-01
1.589226770831016766e-01
3.870697482773307052e-01
2.296555586766524937e-01
5.226604697380271558e-02
3.197526689762040242e-01
3.223067271167409098e-01
3.677695890708333748e-02
3.677197338700157608e-02
2.461895851992204343e-01
2.792508854766033721e-01
2.114621403621858020e-01
2.547186836973275303e-01
2.457050594266839694e-01
2.092261924714689802e-01
4.770896707232305523e-01
4.292082547488956790e-01
1.270953784483109528e-01
3.160313299971497791e-01
1.805623642250147320e-01
1.083993026131493953e-01
4.276656721429941133e-01
1.480693120137805130e-01
5.224603130378285137e-02
9.692553836685192936e-02
4.394968410159845740e-01
2.482880950387721108e-01
1.139073733208230549e-01
2.793399670734104667e-01
1.412744971986760467e-01
2.872423155135829798e-01
1.548878197458596062e-01
1.655276355049282722e-01
5.978111266655713324e-02
1.254541746446690420e-01
1.480356838858443436e-01
2.533424825642792144e-01
4.062762778999859381e-01
2.033477045878212264e-01
1.830257026909214435e-01
1.453118145720348753e-01
3.970333649478479665e-01
2.867843380915356399e-01
3.541333225173084465e-01
4.695129614959912823e-02
1.371653856374898117e-01
1.638744252854893446e-01
2.591329244541601406e-01
2.456025743882880308e-01
3.771020219552126407e-01
1.987269137785089290e-01
1.564326164011566322e-01
9.158169175462747835e-02
2.616678068778268695e-01
1.881485313707030038e-01
3.378155137200176683e-01
4.290499548061933455e-01
1.638455206593581182e-01
4.235085383469932019e-01
3.794729854655598533e-01
3.288382596905442545e-01
1.180064173625797880e-01
3.415119776458125922e-01
3.909825502187819213e-01
2.557418135760088362e-01
6.693022678578121332e-02
3.457345156015475540e-01
4.369375310897841841e-02
2.888727671529836005e-01
1.510855349757642685e-01
6.788377732161111899e-02
1.496713322636553656e-01
1.766408171373262670e-01
3.740127809299716999e-01
3.050597632749657909e-02
3.654949064626769606e-01
2.391148354117864916e-01
1.029713831495222554e-01
1.830296406483795379e-01
6.814077251143671465e-02
1.897568585333795077e-01
3.226329977045117592e-01
1.835546088221615135e-01
6.953031708377495346e-02
3.496360533282402150e-01
3.804642029408188963e-01
2.735603348271774538e-01
1.880911035772112327e-01
2.479067780668041121e-01
4.037520717229766687e-01
2.750560405405783615e-01
1.407797631898738966e-01
2.847156525015009931e-01
3.516180685983200660e-01
1.228583024733951173e-01
3.900516931287889566e-01
1.398057050327225492e-01
8.459497641473430474e-02
4.869620330154080801e-01
9.729035982215340772e-02
2.338449024872931992e-01
2.086621625641323918e-01
8.516807726502807763e-02
2.690283192941759216e-01
2.160978927892618640e-01
3.410743326531828212e-01
2.319228010468322165e-01
4.916097141988562402e-02
1.446307227818778018e-01
2.742198028751947625e-01
1.776538476649104359e-01
6.477862370943664183e-02
4.293205643483061218e-01
1.412979892051354769e-01
5.789041015173589794e-02
3.520857896880422722e-01
1.909830122137884667e-01
4.801467335768455080e-01
2.034242773347042510e-01
1.164681436432677825e-01
3.397988087573475813e-01
3.263919085869008974e-02
1.450504338141172522e-01
2.388947844873765824e-01
6.516270627240790259e-02
2.801151123205325999e-01
1.504267216131766061e-01
1.973813689197886911e-01
2.893716670405042657e-01
3.909939857723982448e-01
3.797897178072006108e-01
5.808605228699680045e-02
3.381753702564951891e-01
1.631986081638153452e-01
4.220821735547750642e-01
1.446927635626935049e-01
2.033212720811491681e-01
2.905193607126755340e-01
4.900775927842933033e-01
3.915215416410647298e-01
9.387012444809166023e-02
4.519163032100178556e-01
2.735462056204059356e-01
3.625232615293919602e-01
4.638953302563290082e-01
1.451091945549160267e-01
1.587049395515703620e-01
1.166066600842988049e-01
1.573922305260158916e-01
3.062887712220844008e-02
1.835381729601725243e-01
1.934642296650111171e-01
3.901003395348588976e-01
4.777841382454247610e-01
4.421625488853429542e-01
4.260513075536064842e-01
9.894781081711266635e-02
4.577150310757165108e-02
6.121094739642528315e-02
3.945530285016054517e-01
2.122918855294599338e-01
4.256423458878090815e-01
2.558858998491156389e-01
2.281645748747866964e-01
3.950866524160541182e-01
2.113569064140988774e-01
3.107981621824881246e-01
3.945524525912724734e-01
5.894464404801415258e-02
2.796653832649318994e-01
4.837002137253689632e-02
2.182373492804686177e-01
6.716800016232106485e-02
1.451751394429146580e-01
3.213410911107176249e-01
5.226640943671000128e-02
