4.201447791476240479e-01
2.294172811956367575e-01
3.731608074032701783e-01
2.817807605122155112e-01
3.036274719617838014e-01
1.070163887945721759e-01
1.726267668567836588e-01
4.685653422463591511e-01
3.560398155600332237e-01
2.450246925412662702e-01
1.502035013562414423e-01
3.521521380547562030e-01
1.957531957886094465e-01
2.734434231339803456e-01
2.720988456392279264e-01
2.204321587365457857e-01
1.374249921843775646e-01
2.406466051408796269e-01
9.273636365304947782e-02
4.472594691941094713e-01
3.831536955131543132e-01
3.652272026057115095e-01
1.026973340765113402e-01
2.041207833142779371e-01
3.903593819274478460e-01
2.355433248622910425e-01
4.077800566949156824e-01
2.965286623964533130e-01
6.743017704581492910e-02
7.084213889729130964e-02
9.484732306754278808e-02
2.154946698901223923e-01
4.040676364945746668e-01
4.422503566337582792e-01
3.962626477578487516e-01
7.301134766466976789e-02
2.378199464650952999e-01
6.600856495136477042e-02
1.686214872131291120e-01
4.853611747270725196e-01
3.276386451014731138e-01
2.969955244637634828e-01
4.390586713211291348e-01
1.233515767083457476e-01
4.868562451316099104e-01
2.161142223743593438e-01
4.539787726766943421e-01
8.501306377286881044e-02
3.410690142109422118e-01
4.334062763640477156e-01
