# lattice
# An extensible 9125-dimensional base-2 lattice with order-3-weights for pointset sizes between 2^10 and 2^20
# Generated by Anders Pride
9125 # dimensions
1048576 # 2^20
# coordinates of the generating vector, starting at j=1:
1
444567
406809
53917
411513
111013
57773
23363
278133
179399
145725
480145
365723
134199
361515
297163
315729
250703
322429
236947
508553
455183
148433
37975
46187
474063
490317
14811
417263
342641
269197
474417
309749
29993
366775
433399
240621
375377
84847
232327
214987
375079
32109
153487
388283
140919
390453
362317
405689
413527
307801
95733
176459
147739
498361
178349
127697
427387
162217
183267
300557
336879
314911
122203
339805
150319
353691
390569
249619
152537
368853
378715
36745
503391
99195
101169
154133
300791
220405
144089
52111
400855
400753
72177
452275
45409
142387
115807
505057
140499
216801
366661
201683
389005
415393
204221
277001
145447
47305
405219
472103
368515
287907
38075
307091
412313
302815
371623
211987
316803
374249
36105
246453
406161
478049
300319
241891
359191
414243
126611
40059
479793
88567
223041
332735
299879
467385
370723
412435
414917
502105
400613
370921
256541
160963
223295
119791
194767
336033
138953
381103
321833
239989
389223
431469
198995
500083
215135
471623
506653
469041
118917
248389
190929
439773
459829
428463
128065
268655
312899
351405
379999
195599
509067
367397
442091
182933
340623
22451
88443
486613
96481
346713
303913
289827
136123
518421
386639
266565
298511
440001
97497
200259
86877
256525
374313
58501
447021
437881
367901
472605
194885
106723
188909
282477
117909
429419
112997
383327
17223
85643
475771
152017
385137
376257
335509
403557
399837
422973
18103
292475
66265
69509
237271
172385
437783
356827
122099
515637
120909
387143
453963
378121
47547
52909
127045
249219
10291
230699
347895
84947
396433
296159
30257
36543
440845
328827
228249
503021
253871
164743
206709
185185
44319
398877
195793
449803
111789
473367
338697
408921
77387
254317
9433
92189
355883
45231
216115
195193
214651
173741
503271
498193
202399
168061
29271
184165
389969
236243
492023
356743
142793
373477
113181
168293
62681
178453
465269
142037
91333
82921
409129
503531
376219
127379
86963
323061
255655
60243
182097
86329
194819
367975
255967
334343
299163
433927
284385
223407
396719
412137
120871
316639
489221
194647
433727
74535
195725
337517
103541
121531
225185
311777
211043
500059
460623
201171
412577
39241
132745
189141
420639
405401
190247
422939
464245
491899
448233
470929
324671
371129
24255
332437
514169
328841
173481
88099
504921
288685
62007
121459
488211
473341
510237
487223
211581
455019
172847
215509
274791
31247
113297
149113
95865
128613
96979
43075
128995
206051
152745
71473
177087
22279
274193
271831
440785
355025
235749
48855
336517
481189
86069
332579
281271
113077
66473
71539
250377
116105
167053
334305
425037
306205
54743
124897
238219
119243
52041
323745
487471
331843
230083
81419
317691
414527
366161
95989
44347
70511
421781
463899
139451
304237
170159
412925
253665
129219
425633
336135
158707
41481
382605
364301
239499
170475
124111
303003
350727
178543
336167
217723
477681
376579
71743
76605
36037
172329
282051
59199
31611
266401
505805
332661
421679
296799
485601
278665
450429
506997
153763
66965
502029
248975
453067
483885
64901
288393
93127
13935
24481
30377
176909
203785
427787
136209
496621
406101
418603
329695
212515
121375
18849
314825
104411
339221
133523
498003
287457
240693
461269
243587
401853
346371
448869
98883
152787
211643
199271
21917
106263
64757
55929
125039
363463
494223
241411
167825
279773
127319
29869
167861
441707
28743
311463
456829
160281
136049
220559
119707
400473
470597
192145
54845
112135
479683
450917
372409
225093
267901
38139
368717
293345
86395
243321
170771
181457
82423
190239
403131
219239
181197
307677
203551
249457
418347
15239
504673
489401
496661
324167
331831
518533
377183
70553
238267
356101
238609
43987
241067
20117
158673
306395
129743
459601
245451
383523
328401
139541
420459
152433
12541
119771
324755
430615
316711
462385
382911
436519
509125
516567
94345
456585
45215
341167
167403
155547
466243
340371
41127
168379
228505
430127
25773
310653
345753
194483
203673
307315
476403
241375
274029
354363
239535
115031
206475
49699
498217
151629
133171
184599
165003
120057
83033
353981
456657
308673
157609
75677
165209
118645
518115
435313
93687
68855
94575
390975
171687
498673
354797
494845
417543
48685
380727
479381
175575
416885
357029
97563
340257
425283
245953
19157
450729
256285
424573
104565
171219
380045
290765
148755
482183
207441
279285
516555
193941
372845
304377
170743
113163
505443
481887
155403
77947
64691
514095
438223
235989
367719
223887
330781
197403
417573
31089
33269
175683
16575
482777
78515
132595
514539
503059
483827
162419
340017
41625
268037
103303
492493
77579
162029
369365
365359
222691
84311
389923
363209
460221
396169
454001
317939
13839
49719
7259
482057
229779
384647
419891
192691
59423
266793
496447
487757
234045
504609
280843
363947
463705
145021
269437
269255
144217
127229
178869
298453
120251
237329
464931
338127
438945
48467
482619
311085
481373
154219
308545
325507
275063
377527
372537
138455
84357
432017
26817
170519
396505
409851
338157
365423
462099
311561
417661
176819
271035
503877
155415
238075
434247
86135
93015
280697
230413
380329
230891
19625
487327
223439
86139
250207
322271
168651
129261
92261
245177
123891
310207
37103
457517
150857
454509
114527
191185
448857
504797
381053
174017
466863
59461
223483
513923
272545
190881
49673
500525
355549
263801
427257
185151
426689
420251
183315
102349
384821
168199
40487
175989
100253
446351
371113
457281
367591
283869
58589
228763
290911
192913
22131
440985
142153
191045
358945
514785
86497
230019
483581
313127
221011
494683
457845
183239
317837
500197
496061
243279
94981
472513
207901
472297
448031
217847
464415
56929
439539
354715
389901
21753
81677
369277
195971
22571
99305
365269
366475
94447
55079
183993
380855
37063
400319
217819
71069
363769
310819
384813
272821
122661
300685
356431
71811
188659
35121
166609
258103
362093
124781
207423
436245
455611
158835
85185
168923
220975
243133
236617
448439
26141
405339
311591
17393
10209
43511
407613
375153
59887
414897
147977
450393
45017
324043
64137
247549
313077
322583
141601
210675
94275
136269
352069
133141
436655
255419
168977
146765
41453
423431
481907
231703
224013
127785
257911
500295
409463
257673
35079
110345
495683
48265
355029
215225
259543
39377
122359
372927
450327
51649
417035
69465
239319
378389
81709
355525
190895
416955
394935
166871
373819
79039
488659
460641
74475
104589
41237
480447
69581
36399
330901
488975
83361
212195
414065
38975
311905
347315
255445
408871
514135
466145
390885
52639
236739
498159
418243
252483
33507
150493
291881
481677
113131
136351
360819
504275
87823
268203
168157
157445
367149
373741
20121
56251
461649
255599
438567
449581
151299
418263
515189
117997
228639
219113
81173
488677
503117
179051
315487
401131
244813
24009
107435
82265
464343
185513
188983
341613
385377
442607
36281
443205
156027
39985
257451
439967
114323
469489
14915
429723
136713
7939
513729
473781
235541
313373
21489
236621
429299
346833
340261
178443
205123
171099
72375
210573
66483
396541
202493
367849
457881
201773
101999
302493
113041
77603
55053
386733
218807
157159
384539
378903
494937
481823
140541
472131
274487
41777
42839
468503
287685
362711
367629
356275
459583
517875
515757
436449
285897
428727
230075
71801
63809
49611
118307
290757
476857
124597
295585
286027
258187
12063
465103
39059
48951
493687
382203
271153
84001
516695
377129
87763
448189
56603
212189
61253
351893
447679
510457
50797
399383
243755
376363
254643
153921
448549
221549
514435
192911
289933
488135
64735
346671
490013
94581
152589
49313
472153
431139
432019
517023
394217
493659
446577
510051
489509
124313
304675
447913
259683
124797
343451
164749
426387
206043
195527
178271
116703
328441
114141
19677
518381
12357
178237
464847
358999
400537
55969
350015
305621
181883
106269
269297
339461
414857
218271
183571
191065
104717
215455
178253
60377
457501
475733
216279
40741
134677
48913
13267
73063
147927
265041
218051
391047
62155
460833
290941
57191
473123
259371
139515
395735
245551
56293
16205
419981
505877
430789
470677
180915
107397
368093
506399
46059
452833
290181
416131
76765
237967
6067
203239
144055
511139
114993
139969
292377
74765
395019
32057
267311
273373
32021
61735
394459
422001
67705
505157
97293
440695
288191
428475
415727
311469
34181
210677
241221
482649
265935
389441
199833
305313
479335
250777
186945
405349
146043
494879
200827
461729
121327
289021
493983
99315
445859
130331
62517
352997
463345
188191
208951
485443
455437
25077
200411
490191
102901
140145
312233
148509
201707
509985
394995
500041
275469
178475
153851
494619
345095
66181
380847
189997
352053
178835
94041
48461
502533
215835
477855
460173
388395
416145
473963
37805
227579
108423
88541
107063
310773
62245
162995
477113
136031
469741
127453
267325
255929
104567
151927
107323
226791
388315
240835
143181
205273
30301
233839
312953
206371
472669
241421
380527
432411
73095
345507
212791
518107
150409
399883
190823
332541
16221
36923
496303
319089
396527
518757
116711
30823
268219
284253
230775
160665
360697
266487
316343
106009
119927
344569
129747
195881
141083
320185
427489
294603
282339
353219
457819
114477
298197
304523
432709
285843
76377
118519
402263
399585
68171
77085
357955
368447
425569
254303
267103
43479
387173
368309
178515
117829
91605
102333
360699
7151
77535
480469
355469
89777
53061
283891
342201
341379
492131
516511
147265
435407
172999
374593
286407
482437
280085
155021
237755
8381
73445
97757
459423
346149
300017
86605
46101
278997
445769
27405
269957
141071
427167
438437
288483
198715
451281
487763
265453
129909
368065
367327
199789
476537
82361
106389
442183
118035
332385
303963
452087
161677
126577
284287
278795
467119
379203
392179
259597
237455
203603
147273
145911
92543
336551
400243
361917
38787
157787
122967
138117
161467
413849
8119
309483
58813
259745
503867
254673
379459
307059
116689
31263
166963
116775
455883
475025
97375
483773
313251
377121
270521
103027
419709
273391
428865
480317
290587
141283
19047
70439
197881
515257
53005
59477
38565
134055
146111
480269
383495
52269
245583
100963
74583
373511
450785
78707
113305
476931
138681
83655
387959
236847
464477
466851
487159
275021
451707
487077
354337
360969
11285
224429
249925
192637
182739
263613
407435
68823
336609
256417
279275
459985
88851
449007
47851
368225
438151
399299
72203
459591
294171
520153
73979
385999
518999
284431
382375
29265
334093
172917
153007
451539
489541
345809
409895
275835
305981
498965
465233
500497
265307
435903
9305
236431
395311
269291
236395
119095
221053
129289
477771
221133
127835
277229
69963
232673
492005
453321
244195
399889
33933
252707
144161
28075
180047
238067
412079
320203
73225
506107
178793
141251
277183
397757
372617
272991
60665
168571
110667
201417
24019
105581
141015
321997
509831
11301
499649
357193
513883
352587
375965
351429
40459
236841
275673
435671
397265
397251
78907
397413
41975
52007
230471
380395
439917
118175
359597
256661
113543
183123
257759
145499
78501
107197
8695
471765
418839
175593
95769
160699
447701
34459
219771
220467
78025
142949
250803
202939
104189
68365
317557
60339
186677
36703
86203
456531
170177
354281
71313
272423
151675
448741
83387
509613
104553
70721
77903
106413
184449
422443
426457
192337
502197
105003
193137
310821
377539
66775
55655
442561
160605
158425
300255
120103
190443
18487
259037
125009
98055
462075
380437
288151
211401
191611
52657
66801
303433
367405
360071
88087
249993
126921
165251
245395
162113
514535
239799
306139
350699
479541
21381
66911
397639
141561
183721
77919
111323
226741
505753
264445
123885
116667
45195
81035
384625
470983
51699
78119
316315
71043
385853
374395
223961
129659
218837
219751
223585
85695
331451
177779
168845
133439
52923
331701
513973
407207
419905
341219
223539
455939
281971
283261
21285
352023
128623
372935
51501
317857
378761
16097
85397
389583
409889
271373
96137
449777
455985
375351
464463
199793
122749
57977
300431
259695
29031
96781
313019
339783
322249
509685
301653
220221
493097
293023
426219
186461
145387
39997
170287
69787
286771
410403
274681
360893
244979
315873
170027
371031
480507
66317
91995
187185
490415
488591
221679
51167
276523
341677
300351
93147
316951
184537
73613
7485
449235
218197
468549
353959
413619
468331
19837
489307
325199
279107
132175
513869
88737
153787
460283
427145
188347
152085
332679
319419
425153
280049
431045
81761
141735
380861
49051
155907
26641
220299
154261
16035
193567
390003
122365
58665
152633
87559
23717
15625
257927
74609
453585
508841
156683
46449
34345
297747
309213
460397
178607
85355
277289
202717
420947
453419
146653
407501
475321
9091
243625
367281
71107
43919
84061
78827
308343
190067
397847
18187
356441
132119
477149
426659
197105
230607
302859
337429
132111
123119
454431
113575
8033
375783
350593
307035
434653
276627
320421
112601
67657
507693
78705
414235
490479
456421
387321
101073
62783
265399
142427
141703
455867
303425
310079
330589
429587
123551
517915
55273
182735
127847
469115
413735
224831
511161
510415
302663
101051
308445
226801
51613
152611
476143
494449
121839
253875
221587
282347
448593
107279
16063
420259
399847
150697
43193
182893
451481
270829
207499
197953
310323
299713
244261
99827
309715
160029
60029
265707
279641
313415
255909
447533
168095
9159
5569
76623
425503
449057
441079
31841
518741
259055
248897
512401
518951
458059
167709
293973
409943
515863
301791
137043
66033
494105
219501
128045
111643
201775
221305
357093
428007
129071
354885
243119
364049
165937
43937
275445
397879
163381
212409
281349
67753
108981
485475
151701
466249
324137
141241
515681
308443
459841
238443
287071
119187
249011
456425
102845
491739
249381
217327
427235
209085
167867
423967
8407
251281
511737
331975
394659
84281
426757
202855
271073
56677
150521
452389
46853
170417
455747
278233
106819
84175
421787
319163
389043
353755
497603
178645
78049
516757
482517
387793
128401
44959
46791
275479
139711
3059
239537
372689
230461
110001
372491
364429
194919
472869
358499
68245
481343
260423
118637
225803
10435
199565
65029
122381
121203
174137
326461
33213
153213
477253
128125
185851
164257
419941
55275
400841
226419
97999
124739
489441
151631
52235
170471
495543
141599
170271
516305
200955
482607
33921
489905
93123
184671
144909
371295
476281
190807
498857
462261
503229
264023
250619
341055
431887
79303
461843
358283
52901
216437
321641
335787
119005
90583
85727
373333
514481
437835
522209
436063
469501
295775
59309
185229
476941
460907
197647
328923
334039
49675
372291
182921
384951
87253
324861
195337
247645
435607
135009
375187
258705
297077
369377
129607
69397
426327
52671
222769
305367
283441
120069
434803
433161
517661
333885
286985
329779
302997
500057
20569
472591
43197
409489
282357
267141
280987
135421
187619
496351
217341
258653
317023
211897
409099
314377
252941
510577
138343
119501
123921
51593
51891
189395
148533
518555
341665
402413
320271
353605
140889
103205
93771
450829
248621
295399
252227
152033
441383
472033
33089
420825
212647
510471
89461
33153
319037
302233
276907
102629
486719
8863
197349
433503
84641
502295
226353
318399
294453
285915
188759
498889
115587
481225
369201
468673
216463
273239
199359
435935
34991
390157
92097
244889
435015
404311
354693
289491
249589
396037
73481
13377
371471
211599
254453
436571
488109
419121
342129
279323
359803
279749
501081
226631
495033
405465
446129
128215
24513
379993
92833
470819
289753
242931
356749
6697
14143
209489
518563
362573
297939
180951
396551
105279
447891
431967
242289
264887
474793
396675
202519
232389
512575
422665
273089
443873
320959
308705
100543
323429
305569
380153
501573
111671
257717
297931
216013
397069
280327
498913
95435
340099
471237
422197
242871
479601
86629
78013
334667
365833
514225
4379
377779
176291
127725
135397
379283
329165
34579
388599
221047
140313
428309
129527
116017
126099
459041
373593
214517
363275
514227
195649
59205
397931
235143
306563
190983
15597
234187
348729
442189
116043
39275
305995
310639
90013
324215
466395
429639
486789
195893
227523
94785
325801
7107
411993
340557
143133
395387
364185
147821
361279
416615
13543
99817
353453
193981
399565
491307
22497
256943
19779
98503
85447
409261
133735
355535
61387
276505
358831
178239
155175
27475
230731
158203
490293
223673
323893
150275
420987
399735
5641
70405
336997
69979
328117
63245
357733
368537
197033
477587
70831
381171
42651
408611
461071
68829
387267
224509
448989
305459
373913
253273
138383
21093
202139
256391
110623
136053
178757
305173
380665
106037
284371
394221
30661
256065
450913
306935
26483
190573
401761
363869
160595
33619
380449
133029
405209
72829
282953
338189
328345
329975
499913
34587
19587
80991
395403
287157
496417
156409
146027
264471
448023
249015
27289
185301
133463
26801
150723
409349
21539
448153
125595
71667
329277
440147
340211
348099
291703
473153
206251
12809
337631
232607
21227
298235
343123
21531
87519
452051
249185
460903
490905
2371
250267
434331
17853
331749
108489
259759
254051
181397
211313
369917
217375
279395
461797
340587
395079
438409
108001
200381
402951
361863
8945
316163
324971
283479
426545
7949
362353
426645
193471
433863
241617
367141
445791
181707
208039
85339
476251
347301
463649
263823
182691
240447
282719
420315
93981
491945
490941
317349
291675
441759
425609
379355
64629
518843
286565
127205
186813
77063
299061
109763
83031
125405
46641
247241
232371
299333
45735
248155
94303
314829
347759
254877
403593
143035
270175
26673
521945
143199
347583
70437
146753
518227
40041
296797
119051
276147
177867
41911
341999
35731
192917
167693
161879
323625
195485
143517
248933
345735
361817
155269
18919
210921
246083
4757
384193
232939
485099
125497
190363
473969
74999
210555
28719
201293
62215
255509
257561
452421
383467
190499
240465
478595
327135
57273
217671
462597
267487
118495
144051
64627
133517
369005
354339
241437
401743
340047
44879
433677
522275
96067
489003
96713
165333
69849
22805
332263
333785
431477
378997
313013
312917
365401
90363
83991
175435
468333
93197
224275
271961
486929
149561
126839
515827
410197
186593
522047
474909
466459
306513
473983
119195
456467
83087
346653
44855
472375
251795
343501
321323
46309
166389
506545
384315
164493
6427
354015
85731
179029
372859
89275
467061
210043
83271
477675
105451
140667
515621
9279
130407
167887
62981
290447
97359
73093
85863
264283
211663
500761
506545
338575
243315
366125
396391
174961
157805
29645
208803
455951
504061
316721
137963
478955
398553
502777
430821
180033
247899
16717
143845
225369
120821
73855
183195
314715
403907
111989
427523
61949
15295
12947
186439
274211
311385
318095
416985
454557
146309
365979
479397
269415
133543
380873
403901
132523
183075
333271
38781
32135
110479
389761
460387
200863
112087
466223
166889
245575
27557
307101
398237
209087
78943
67015
7817
272239
394047
421233
82719
69023
285271
505825
377075
375337
458085
52999
359653
129557
239605
492537
376147
475255
208015
442689
455689
482005
192919
471169
224235
149679
69033
96425
32171
107121
422245
435077
509149
390257
112987
228509
508855
357339
252837
17551
258159
11861
149153
467707
67709
11861
335501
402767
395703
129415
264389
249529
169639
293647
181501
39351
121831
403529
189583
316153
207723
162911
58105
320319
95645
171223
208649
412969
54995
430907
184647
82081
191541
376253
62657
60233
338693
461763
357867
488681
509745
167887
39499
140681
40727
86459
149491
324897
522207
275679
500781
471169
264725
212555
344165
495233
400203
296631
340081
210591
478171
326739
389925
58305
45187
419273
222117
17369
484861
385857
191091
133057
108023
228075
271987
85363
216975
517449
517445
513109
380363
224221
507493
111303
355675
6523
183589
395299
77317
346699
366477
23727
450907
513447
258387
99805
328457
149023
446391
197367
345187
469351
184023
269775
126265
427721
42687
141817
170985
287675
39127
323257
326449
120619
449479
23727
503031
203853
429441
328371
368305
295103
314929
270491
486937
137311
173415
438927
312877
217375
515205
252481
112001
288737
135823
430581
98537
180515
78467
295461
152725
45223
282187
240399
436317
313295
138065
396611
408505
281383
170859
332375
158069
177519
205941
89283
224305
205681
71775
431817
379389
389379
175891
400791
123827
256193
69343
358637
255159
322041
133085
49577
478955
59737
54229
234859
244513
390587
401199
344843
30449
140625
226111
388105
81221
389291
66947
186447
129557
333741
154465
146063
443095
21257
496139
7231
316585
391625
100769
345579
502263
63739
4581
378325
354313
283619
71775
199689
73823
29453
385649
422139
11905
208803
76207
359017
286169
50645
247627
442647
190557
34781
268781
84333
109427
160943
176665
365843
256607
482445
414443
271751
80805
140203
57677
420987
7981
265441
54773
359159
214421
310963
95111
177671
137785
270173
271751
28575
488389
437705
254049
521043
204207
60883
267915
418479
113007
279959
11183
333205
381751
429357
174613
465723
348099
400203
62283
484563
404215
316585
490221
46903
85757
381553
162613
86839
482789
108937
292085
454867
501655
136221
408803
435927
213499
295103
244683
120619
74421
380469
22805
492609
233717
243093
340939
10629
75837
383595
373861
326449
108015
507573
375655
476021
125405
375337
71599
402333
369451
409307
354223
431613
25859
493369
400203
116693
7213
194063
143513
228075
12309
54781
517243
148025
207677
471229
276365
142405
30431
275135
27515
515597
459929
468639
45615
422679
142111
333343
99889
336625
515845
339209
200387
213829
449619
96361
295491
139233
168685
28925
311503
456789
363249
473307
263711
310499
324897
439227
290453
150753
268981
311087
309781
322993
234679
190557
124309
227881
142111
127767
190179
73053
322333
242757
107745
476007
441421
226441
213499
488777
45863
130299
323339
43399
21075
260835
254453
99657
233609
186793
44465
38129
186501
430581
195855
311123
131857
502627
419647
465713
270589
168095
133287
100661
378505
258647
89669
386601
424881
409681
431817
244265
59325
268075
357147
115983
215355
260443
241741
354687
174551
422421
439919
435291
440865
458085
421233
207679
99815
212653
430453
98839
510747
493301
201769
435291
396847
260443
8951
9739
204581
154465
190575
298235
9739
176613
158007
328371
147813
243651
470747
133287
8303
428885
88325
162599
162911
367291
180771
351365
324123
162501
35539
434043
229187
506437
218691
465723
309509
34699
219111
223131
464735
118925
287365
512573
205691
91801
446563
22267
125995
252397
257083
508217
242665
248707
338045
303749
344793
497501
133033
409469
272127
71633
94701
75493
177959
17283
14263
480979
345187
113289
322041
212807
297879
106121
21379
281909
512759
4423
483703
272087
403133
518101
194347
2871
496553
286793
430419
448911
19081
59639
97707
49291
285411
428243
473353
68917
274017
472835
343455
110303
421393
92833
91361
435291
253203
476041
267915
492423
89669
219483
378021
415201
85093
113763
393789
436473
360051
398313
27421
399499
301609
403529
399499
302965
74277
268151
110155
456807
175511
433503
13893
67617
227649
311385
390293
21539
229821
450053
279335
47917
206095
439705
238239
44855
207383
237305
207921
427583
213499
85091
449511
165333
327905
45223
460203
432243
29247
281909
177583
29019
502375
423153
430697
475811
220733
368879
26325
355675
184211
286623
259455
162059
179811
442599
441491
314715
179985
211899
200333
421853
178711
503905
259049
359903
300917
125787
56517
397101
355999
103147
333525
201769
472055
153731
515577
396921
321137
430293
346175
89067
434525
136569
186999
461411
256581
108611
147023
127993
133287
12765
316151
205315
167133
173905
257873
30869
89067
297879
109477
108565
188663
476697
302991
344933
243585
107395
436323
239243
318261
338077
169387
169639
288885
129295
97977
88605
347567
395703
234679
453733
189197
9649
260443
520759
487323
254995
476913
352993
396669
169533
322109
187381
270837
160321
291555
86839
132523
410607
353755
172605
219713
424513
253259
336793
232607
92097
394309
201785
342355
169549
122381
78801
332187
275491
337117
324971
172295
454949
413499
9929
418033
149177
258635
378733
385639
52587
306163
108685
286769
169335
47461
40009
193471
313413
58305
321137
56677
355215
364145
290871
156085
514225
71135
219111
274501
268579
148157
306221
35535
280255
428805
399695
229013
164355
451273
25081
259733
515173
125497
361861
415367
460235
214023
19475
22491
42833
279005
338013
278917
50541
492599
467363
240659
445719
173793
428085
89161
318145
205537
302391
9961
499471
145189
440917
229013
60233
195855
397133
351855
318571
418325
315883
433249
103137
199905
468325
277177
284719
139177
478451
219937
202279
177709
474383
61249
248449
132855
381171
430697
118637
506263
63169
317731
79507
399565
63029
478451
95419
217011
50541
14067
326461
38129
497501
302319
307861
172295
258653
113793
59447
10279
426603
426535
206301
141347
85429
195635
100661
142427
217375
355853
65165
305459
54709
445719
195573
439031
474249
47375
253553
8395
467279
220059
109821
488141
295103
64161
509745
429703
179611
345735
475901
348977
220799
304365
26479
62015
369005
41515
83933
193517
480505
497801
141501
276365
288499
196089
172295
105977
473465
503905
210513
68333
113289
244089
424953
29735
461763
474377
421853
4757
301537
247317
512807
326739
455785
78151
359229
244719
11855
277811
227083
132499
24525
473603
164561
129557
208421
176665
332297
291525
276505
215261
420083
303147
63739
468161
442691
356749
367825
452051
456885
306935
148811
48695
419941
195649
429527
24791
233189
112087
99657
71579
235851
223859
280255
143857
78705
338019
378313
495233
114577
248249
2871
80319
427235
220945
19843
202315
99119
260337
305911
430581
193669
305963
277949
146063
348593
169495
238385
162477
248279
9007
205217
238039
169613
323633
497199
176089
36927
440541
21531
316395
184143
438649
246611
314901
219483
28869
285607
367825
248933
347225
500781
210327
33481
295329
281349
465185
90029
361957
235499
4379
438043
27771
108685
99343
471593
358335
301121
199415
367845
314715
113023
136131
410197
21539
324897
431987
389307
263953
434843
272239
296495
389561
499349
425479
230557
193109
198081
377779
124053
400647
398237
115289
403067
67847
446299
365123
337493
425135
247899
33691
379089
389761
190983
483703
257505
431987
312267
207679
137849
168363
78291
173793
430453
165083
245271
367753
223145
28175
223673
95051
202091
6157
93063
426923
277177
519695
448351
355535
172119
76901
504297
108001
403161
192085
93365
496541
113369
112087
146857
491945
489731
144041
337899
253273
192847
371217
481119
385857
250043
104975
270491
123577
296443
314291
270803
248009
143825
129513
100031
71633
45615
305447
498833
111671
355215
487259
39827
419941
28911
339183
29263
249139
404169
57185
198081
70403
463923
267993
226605
10219
209555
19843
306429
86647
224275
396071
180905
109821
235499
388507
207383
395277
430147
257505
382895
411081
483095
170287
343455
197495
389595
320667
193109
13325
189457
10729
276529
407633
355351
71361
212837
34587
430995
21337
306513
363919
100543
93981
502235
378733
112087
405973
270491
448911
100911
367473
252481
470815
473983
385807
447277
99827
502319
77803
12133
431613
33899
328371
241997
248699
505455
62573
501441
33153
26655
413203
146063
325073
20569
521269
258413
11329
109821
443271
398721
35697
160393
459475
292077
390245
371217
395679
226801
227227
123927
230105
340343
336683
60665
119541
137739
400203
194297
476881
130407
147813
491287
379355
253033
110155
474249
401893
118941
479611
362995
4963
299267
111671
385081
227503
93655
402767
6603
522633
365315
372689
417435
372793
402767
63029
245271
216217
206761
211663
463457
37425
7485
241999
466883
411993
11941
491759
478531
213089
305315
320145
157059
135713
111299
326241
443163
219111
455293
246301
110859
124701
402341
307743
75493
51157
149837
249185
73823
46979
372249
157247
165617
126839
443671
25511
108611
69849
123999
152661
468029
106633
242197
117611
170281
248275
424765
180519
235907
112649
186115
210513
47491
362573
167887
230419
70607
274919
378919
328117
390245
503169
405209
104621
47491
10041
515845
155705
394309
266189
246819
331335
425435
256173
506437
70751
201769
203189
204571
337533
133997
436207
487323
111459
401965
165275
59369
364525
127205
149561
394309
220081
245271
214025
216013
49563
38129
455981
211485
390587
475901
96629
345761
452329
235161
353555
174379
385279
32871
431657
210555
39071
157247
502059
189073
108611
195565
42111
416783
166651
306513
72599
326851
37425
362353
249589
468429
180905
452329
439919
337391
253155
323625
460921
258565
159219
376971
47183
495591
492423
120771
277271
373913
211451
512391
419855
194439
268177
448911
313109
43299
498833
331925
266097
394321
150617
126687
307151
401617
121739
70751
221679
399723
152085
82459
201775
173801
150793
82937
294277
293983
400841
428135
211663
455081
480555
50617
496601
117359
93823
272239
198255
276907
129557
209835
88619
172077
114009
243125
476281
306607
131811
416423
78049
40089
277509
70751
223673
133243
255601
408997
136801
110859
388105
514875
83031
311503
219621
439705
229063
22805
133609
503127
300249
386901
172603
18399
225887
20889
405097
272231
452329
245271
64011
168685
160661
181921
356657
241997
405097
200913
22805
122381
151059
96317
83159
171477
267509
50775
150617
149491
379993
83159
455293
36455
52167
312993
497063
149491
511957
277271
491281
254403
352119
235907
343603
225803
353755
254051
230093
466883
27253
47491
134801
94183
386043
314291
8849
113573
497063
331585
108955
38389
266207
347047
457519
116341
219111
420547
211663
169705
373467
219111
172285
469115
10265
275445
502169
146209
435973
81817
446533
70607
272231
48725
185269
319961
345887
195565
196143
211663
120771
75871
96569
254051
307903
344793
414107
226111
372859
476881
375425
287477
309213
255505
455279
323633
167887
211663
91231
320667
281515
198945
487791
361957
19475
403339
63739
157827
48725
85429
414047
233599
181707
399565
103261
94331
43281
81575
53133
220805
335697
238385
132479
51891
385853
133517
226111
296055
507573
213403
108611
182237
220133
166389
387793
74621
42111
207921
309213
51891
428603
481623
429017
462235
276727
188167
498913
26435
430581
330905
110001
427293
9995
389927
210233
503329
348911
475255
229013
7989
263953
152085
499957
170691
177369
366099
375537
82937
201769
111323
426217
51783
499471
73481
44879
403981
125501
8863
224275
161367
250387
128955
263953
513071
21531
420751
93981
363509
395703
132851
365315
94693
385853
39499
415263
475255
159681
490221
207343
47911
257505
92807
513861
354281
297879
449213
494213
249477
226111
286771
107581
236421
236551
320271
34249
347123
399841
117637
70363
496553
199793
287897
198725
113289
195565
328117
507573
48839
10435
286771
133543
232607
249409
382375
250543
482367
113891
5415
53133
343631
181707
500781
440147
77309
408803
237745
347677
146753
128061
59605
410607
405365
473569
340593
137921
34225
192285
313843
378497
212325
137921
169231
53133
188651
38129
17283
33485
497537
345887
193659
514225
344409
102515
155163
179313
11661
347535
514227
438247
30869
297879
448315
488141
490471
398237
143035
476697
378083
129971
306949
470651
299909
163103
88705
149023
95505
102845
454947
238385
174613
142301
129557
51157
198945
93279
435811
18233
223365
61665
288885
69235
11921
482445
475811
110001
91361
229013
50617
33541
475811
100723
11977
474249
472263
99657
302997
24263
169549
233599
28955
306629
123525
45863
249099
244889
190705
211461
184449
260747
409913
9487
195565
321405
363733
259455
182543
288885
176613
323031
157413
506437
211663
130749
332375
172971
46309
352357
127205
359141
23105
200475
202279
280255
460097
247899
325801
229013
396669
366473
329291
276727
520165
211663
429455
472997
317051
354885
335017
65057
450907
45615
457519
45615
493817
125009
509387
306487
372859
350771
376187
366689
298235
422421
18345
517243
71775
269291
53015
365315
518741
347759
279867
484255
236531
510471
110939
492423
304011
340107
276505
496553
54995
272239
510471
252481
520759
157257
351609
104209
118637
9739
137849
63029
260835
50983
21539
461797
241997
374707
477587
252481
512761
81487
39351
337411
456961
233361
421233
12571
169549
390587
2871
405989
427907
403529
465985
347311
209555
427235
372515
456467
380147
19241
206737
414833
215889
438897
85807
186593
397695
315073
474267
495999
266351
254051
267045
428603
460907
181501
280255
285271
178445
45863
252481
361957
397695
44943
285241
313109
305201
522835
437457
197745
134917
164367
243583
420207
300917
93121
92533
360071
164367
234893
152661
157381
78013
451609
483517
44565
392179
15625
421233
75871
362353
102953
429455
469845
22805
226207
408853
462665
133609
321747
170069
296443
409895
210105
250039
407895
132119
26325
520733
263343
495233
247627
264007
132119
500781
101813
401593
129557
110001
34805
449935
9739
210233
347081
333405
59819
434803
421085
347081
87519
440147
139683
302965
187381
366689
432499
221679
456425
141583
297879
125311
49291
323471
487931
315073
413499
224275
468029
382917
181501
175511
211057
247627
377779
6603
447803
47371
164493
227083
326851
123651
12159
224395
122461
143949
118941
253875
18041
3533
42891
15037
427907
213259
428941
112651
69789
512573
95051
509149
384217
460217
104389
482445
366955
58601
248077
28485
395703
47911
460217
104389
3241
296443
355559
476281
185371
464969
112087
110001
237455
454947
286771
503905
7291
325773
440647
77247
321747
188183
40099
379013
81801
38523
279255
301039
33949
315073
164561
335017
169665
179811
466883
51157
513967
507583
12133
99657
339843
253567
402479
165671
169549
37543
303425
307101
348099
353755
70607
59275
517091
123215
61949
89611
506493
168095
465233
190689
200831
520759
45863
208803
23561
177779
351551
335017
420083
20093
453683
70607
494423
78461
46979
229187
421667
364049
203049
181707
520319
219713
44943
192669
505541
285533
47491
439595
189083
361957
162881
334767
421233
339741
226085
330309
122381
144717
450907
163621
168675
385973
482909
381319
399565
75701
366955
300917
409681
480033
243583
213829
309575
156613
242993
389595
359311
381923
454537
456235
93981
393739
479989
307101
112087
105991
95051
85695
33103
364943
109875
223673
301653
421233
370053
350771
220799
187273
496505
286771
351815
197705
86111
523097
224329
305983
38389
321747
83101
324261
169549
210699
112087
352977
304135
235581
230187
483875
291525
377465
447717
17075
279721
249099
166831
350729
41515
287847
260897
367153
302851
241997
223673
453321
421233
38861
297649
488141
276727
126899
261195
342363
75193
258765
21431
375537
45527
216203
296393
372515
208803
195855
118585
38389
61949
400647
213317
149561
396669
32357
57473
234893
260897
205029
488141
225803
228075
149561
350771
6157
93685
510025
437037
393839
398237
234893
287953
80469
453321
51157
489003
453321
285781
37543
354885
335017
493711
234537
159219
158203
304597
269303
483059
261125
112087
403981
187381
226707
87615
367721
395703
330167
132851
96489
55405
383411
71107
458995
234893
520047
367153
410461
470915
124967
115875
276365
93661
248451
187273
295463
399499
456939
260747
259455
169549
408211
166289
398237
106621
118637
6029
316643
455279
348001
85429
64725
106869
192669
152735
362995
33949
159681
118637
469623
504487
401199
86071
198945
475255
455279
72799
337569
450913
58305
214369
110303
37543
402341
305505
63757
460097
351389
159681
66947
324861
164355
483405
288151
333405
195855
442527
112087
489885
85613
19627
502401
73823
382095
512573
70717
210591
222831
357907
68523
159681
85429
79599
383467
63739
97707
33619
252481
43281
303521
24513
383467
222105
164493
407501
398993
340081
36115
12309
120619
319411
129557
235581
47911
75871
462665
291501
372689
387109
55357
383467
202519
163293
357929
499303
243625
160661
130653
91799
33619
96361
519817
199321
97375
520099
37543
21737
51157
388307
445719
500781
96593
159681
27037
433899
144851
5111
27253
212813
202283
464701
172247
238385
162599
252373
48695
169335
61949
194063
22805
496553
58305
261051
355051
243625
159681
520759
395703
243583
243093
405209
125899
396669
222105
424881
419285
473959
299061
116451
243093
435413
235885
208803
218977
129557
250219
305459
22805
234067
156581
95051
243729
422965
278069
39883
243729
114459
22805
276505
459469
426699
263613
67093
410461
214841
433899
219279
402341
418009
435413
482445
115061
374969
482073
280109
150129
231863
463885
197369
468263
48991
250219
68907
118637
126067
238385
492617
12133
408043
424881
248699
49071
323625
377779
286771
482073
182769
75767
177891
202931
379355
276505
12427
266097
118637
155857
223627
506839
314715
490293
188651
85429
281909
470085
246763
333849
70363
238385
180403
50735
314715
277135
410461
315239
502235
39351
482789
178461
7291
465985
164561
114099
403593
271217
51157
296689
134671
235083
500149
380235
167037
326461
285411
392773
198255
400077
70833
284629
247093
517717
320271
41491
47491
190449
9179
38613
59447
46323
246611
406181
69503
122381
521051
369873
392413
119501
504947
266333
313407
22805
427661
410461
188651
339783
409681
397693
313109
207921
109427
18561
297931
254051
148133
387553
73981
197391
267011
229013
267083
512413
177779
88159
95051
143857
471169
48725
122381
195649
102817
92833
497537
243625
511131
478451
395703
455769
48233
503677
305459
92447
314689
412657
264843
21075
47491
374373
442189
80439
435157
167037
482789
307743
190705
400791
452329
453321
182543
110001
103729
128909
21093
166889
484213
17341
131625
347867
252481
449057
28915
179611
71775
377779
489885
200831
54635
321135
33213
405209
265179
225771
190705
315311
44943
471965
99657
266097
50623
481803
315073
220087
122381
390659
436789
159219
250219
430001
173967
71775
123323
396531
340593
184671
4561
155857
374707
150617
237455
79967
273195
291859
468831
439315
449619
137949
468263
500781
465985
363509
31349
362995
177561
2461
82081
204653
255041
15597
180515
483059
397013
492601
369911
51859
48695
51859
102443
496587
26325
197395
92833
177779
461763
157205
4561
368193
231975
164493
54485
247627
123215
514307
137739
37543
73981
346035
295103
255159
378381
61949
523097
104975
379355
213671
341665
478937
363509
55149
430147
118637
264757
234893
362995
168907
275005
375187
5415
228075
388307
302997
249139
14355
430699
10041
65915
165417
187715
55861
369681
70697
185561
279897
304653
187715
291737
15625
373435
118585
463923
487521
384729
149117
229013
286771
45863
224115
169639
110001
329291
301121
177583
352047
104189
245271
106037
20031
10191
514225
453321
365265
85447
193651
328371
449277
210105
479333
284325
55113
506833
244889
358169
395679
317507
225299
73981
14355
245271
297879
5853
460397
223673
326739
359005
80817
329575
243475
385853
51891
191091
199415
144041
499355
183053
295491
60499
77849
335959
348489
210009
181707
499409
285533
263613
104097
48695
395703
46395
353755
22267
286505
195855
186883
22079
376187
96117
12693
155857
122749
243583
243729
444759
239229
292945
433235
85355
493817
295103
500433
335527
110623
297879
52509
314775
297931
61949
361957
410385
181707
269489
394849
112087
123183
285533
395703
285533
29501
66705
514225
204581
106091
178741
503677
110001
402285
374351
81817
209071
377779
178127
440863
112413
396747
19779
503677
258653
6875
127767
286771
402989
461763
73981
428785
335527
124739
5265
59647
133777
285533
504153
112087
346505
159681
97375
318097
195715
360969
8977
466775
275639
146753
266097
266097
422679
17293
282769
409889
405105
187715
202087
238961
96723
387109
435413
232607
55989
201555
172925
134291
208803
67657
50735
37181
180695
125009
352047
217365
363797
362995
83593
482607
78125
337391
237455
505753
267069
116071
272239
149455
235543
73981
124739
271189
489711
339783
215143
130501
271189
398237
316501
309487
391579
152661
505349
173415
500149
280255
103137
307551
402425
389045
152661
403981
156085
504487
454947
362995
268795
202279
290757
341665
51501
506437
276365
28911
210105
247627
347759
402341
116133
159681
203189
506241
252715
287847
464969
164847
35417
272127
22805
249099
465723
237487
15625
495319
158905
210105
200223
258877
98491
295103
476281
75109
385999
371513
338161
428243
216313
439743
518333
497063
152661
36455
295103
237305
158905
376161
43467
363797
418343
504487
136801
245271
45223
157413
387673
424953
370443
210105
61949
114025
159673
95051
237305
70977
131625
243475
4561
478451
199415
476281
491759
284287
21737
360969
326341
282993
476281
164847
281909
156085
4561
14355
152661
447717
297879
243491
177779
92939
316935
25081
409469
515785
6113
247993
379089
306297
385853
31925
159673
157413
454215
324123
22805
192865
237305
86203
228075
96723
515601
131895
300861
281909
112087
11855
339783
162989
364049
509983
497063
237455
11501
488473
161027
349845
237305
276061
214949
335419
348911
262781
34579
229013
79599
361861
403981
507225
122749
51501
446415
338077
488969
20039
454947
169549
321747
38141
73001
162599
187007
522047
177779
114459
173793
461763
140199
56703
155705
258693
159681
314989
160583
503677
215215
339783
159681
114339
73159
22805
473983
486477
222105
282339
101471
186437
230969
9739
295103
47079
476281
476401
277177
442599
99827
61949
269291
72519
71775
128713
226801
445769
400791
124739
414137
47491
65915
367825
112087
387249
476281
204581
222105
482445
381895
425593
328457
377779
91101
412959
26247
475507
428603
165081
382375
105511
91101
403593
109821
169605
60873
34781
506437
297879
77211
452699
317731
30055
177779
430885
35077
250069
84721
445719
274501
152681
12133
90163
486929
10191
482789
335501
169453
208803
394297
63465
408803
437127
454947
429639
133543
12765
246605
250069
169549
85855
263765
28425
347039
114459
157247
449619
189559
254051
259455
270491
138699
69161
161297
321747
176991
289993
266097
44879
190705
93197
379089
9739
27165
452329
522047
93197
499071
242665
9739
45863
65935
465723
298235
237527
324643
379013
47173
195855
498571
457719
169549
432347
197823
286771
218569
93197
165027
146753
61949
174305
203505
64151
338077
187381
494881
65343
452763
125405
116071
431967
148091
22079
403593
517759
99549
454947
411867
514225
256607
245271
503905
195855
341313
427235
354281
197471
219499
233189
385999
455391
295103
5503
218511
152097
242527
439919
259455
210105
122805
39827
103777
205663
272401
202279
190449
50131
449057
500149
36455
21541
361957
522047
223673
42111
519197
76017
133031
172399
361957
93969
496601
169453
284253
45863
56047
295103
297747
261359
97935
234893
108231
169549
64753
92447
43039
186585
243625
51845
258127
522207
232607
483677
406181
299193
167887
372909
157983
366351
224275
335017
339783
143435
395703
187381
410607
478451
475811
122381
112087
182893
337461
159079
365549
428785
14355
18925
463923
102845
163637
209223
216217
77477
234459
277009
45863
442599
391475
204581
108685
152661
167887
239399
173793
419123
450907
64027
115289
295103
39779
120849
245271
401113
361957
108685
364627
263415
263149
500781
28911
329575
172517
65145
363979
219111
348911
381047
313415
389681
372689
321747
230593
32135
126839
409895
173807
128215
56047
432013
78125
361957
202087
39023
52247
149233
244889
200831
112087
403067
208775
51501
206761
301121
204581
50131
166641
234717
142363
250777
4755
395359
295103
128477
264081
254051
210591
243475
333249
50131
490775
256531
167155
372689
243729
351739
453103
185315
222105
73001
361381
64753
267935
243625
506643
243625
295103
469745
403593
242755
188651
161907
2031
159681
263195
17427
242915
361957
200217
492059
395703
61949
73001
414443
243625
433503
201187
513883
271189
485403
361957
92447
79599
102515
36455
503677
492925
201769
481805
177779
224953
252719
397013
93981
14355
176345
410607
115289
33619
64725
499471
442211
18925
329575
66425
109477
274017
96361
430885
324591
192865
84565
437485
232801
488417
126331
513883
233491
403593
403593
395181
465233
9739
72323
390659
210473
510623
31489
212059
282879
243625
304657
115289
61949
437485
200831
202279
81979
513883
409681
269291
328555
159681
376217
301653
79599
460263
38573
49439
517243
519197
152633
233839
26789
204581
38025
476281
351909
468639
98923
44879
485747
166065
43273
160661
228289
303879
201769
51891
454947
185269
177779
14143
232389
177779
451365
234895
177779
399077
44943
276727
268215
410607
254051
146663
199689
261529
271243
513883
369259
259455
364145
513883
310635
260569
168363
487581
207921
382953
56703
2455
461763
159681
145307
157413
455279
38059
57719
214023
503447
395703
99701
199577
397013
384615
206569
197401
2987
410607
428225
2553
433905
386043
287847
204581
284325
115289
10435
489003
266097
167867
452329
229013
58305
51157
92833
335327
449057
385279
287253
513861
205605
130261
335419
287253
18925
332993
77477
243583
463379
123585
427145
138699
318741
122749
149561
152661
19861
465233
421853
233839
479611
513883
293483
105465
432019
361957
268795
197349
500781
436063
244209
195565
149561
442211
420289
321747
266097
173793
243093
408611
201589
282591
229013
232607
117043
213829
204581
238261
239053
101839
134923
47491
476281
411993
69849
34433
93981
193137
193471
445719
223673
22319
79257
96073
39023
233819
286771
351313
488417
332541
479411
390659
259455
60665
8555
316935
502589
211663
161607
416225
259455
92833
151927
200223
12827
465233
155857
103169
112087
474249
304973
13179
33899
169549
488417
455391
15625
504487
337533
358013
518335
500149
466871
25081
239229
235257
374235
451365
238385
84489
86647
98055
395703
237661
263613
267915
480841
298291
296443
161829
77919
395703
214743
5785
168095
92127
157413
319125
379897
442657
395703
39779
127205
92833
243643
284253
72223
188489
403593
505455
37181
263613
41601
349135
395703
194791
47491
82713
514225
395703
227083
15625
387651
450907
265867
120519
495233
362573
108531
127767
278299
238535
389681
259455
329575
63739
317465
8155
15625
250803
127767
286771
169335
237305
233839
372787
179487
246083
457519
200217
169549
296443
178239
144555
358831
141635
149561
367291
480465
226353
42069
112087
359005
428603
28451
200223
134179
164921
52901
119501
453907
243625
73053
116071
315873
503671
302157
423317
149561
279721
253003
475087
289485
384633
394849
204581
455391
305751
400791
424881
431805
358831
252373
337391
247899
414513
208803
360969
139711
298525
192865
169549
189969
145967
222463
503447
214023
193651
454947
124739
286771
108685
15625
135825
20879
421233
216217
452329
384633
132503
234893
53137
410321
276505
206761
449277
112087
162703
44943
497627
422799
318695
220733
164921
280007
309155
31581
432019
432019
9373
399465
286771
235907
25081
44943
14077
124739
107601
10191
297879
204581
146753
426333
28451
232435
17139
37181
431929
92097
329165
169549
297879
111055
367825
85447
102845
33121
381171
421777
267083
307743
241059
169549
158893
284253
226801
108795
243071
122381
148957
102845
307743
488417
226801
63739
248241
27095
46499
432499
93197
456669
102845
85447
413477
84175
152661
111055
291697
389681
82459
357561
146753
503677
34781
454947
228075
37543
420289
367825
465713
473603
321747
475811
475811
276907
78125
208005
37543
10603
207013
499037
51779
460367
496989
459475
60665
81423
432019
426939
366189
454947
272239
152661
447533
315591
509149
69789
358831
220733
457519
271467
368879
378505
307509
223673
360969
42073
82459
149561
277095
129841
254051
122749
348099
363645
465233
7485
440541
276305
434581
20569
335541
91799
423037
438247
377779
195565
36723
515845
25859
348911
229013
208991
471613
395703
259225
398237
364145
430821
141287
354281
61949
50159
239709
92833
494305
455391
302127
169453
385279
488417
517091
27107
459375
461763
473603
298943
311133
395735
455391
91101
439919
431613
90205
131619
60665
395703
96489
393839
416985
102845
454947
513883
67753
445393
177583
490915
263613
159681
259455
204581
286915
169453
454947
498833
335017
258159
60665
515845
40105
48695
325319
468049
154461
465233
247899
263613
44885
76349
479541
354281
432019
210327
354911
393839
132479
276505
464035
204581
488141
222463
189457
365265
226801
514227
144555
432019
351313
470819
508509
226801
71775
159681
325801
21737
194791
491945
244195
403593
223673
204581
56715
295103
445605
114025
400791
74441
73565
305995
452329
231389
452329
335017
180695
127957
170287
288885
505455
15625
22267
250069
47079
500149
34781
206569
141015
422325
149561
425173
500149
270807
402307
104699
495021
224395
48725
417245
112649
263613
229315
200831
177779
20879
148957
266037
479061
335959
264771
318941
298815
159681
337541
270807
322115
453321
111055
523097
431549
200831
284253
298391
2123
453321
63739
160661
329763
321747
71397
400515
361763
478451
361957
172383
144595
230181
513883
224515
152283
483415
471005
15625
503561
500149
58151
441339
201769
79837
172383
40105
482789
223673
372293
344933
110001
95051
78293
468823
284253
270491
141015
445909
281903
15429
102845
109821
48695
279717
315021
483615
144051
72799
430821
432869
436995
1679
44737
229013
61949
404785
321747
226801
517589
353807
238005
263613
3895
336613
110001
74621
297779
247393
62871
131509
487081
22419
428603
243625
78049
159681
131625
82335
455279
119051
311939
238385
92833
321747
82459
250777
68619
15625
136259
48695
486099
449887
226801
321747
111055
428475
381319
53137
36557
112087
70751
69789
194165
59807
69301
229013
498833
47611
131625
159219
439919
439919
380819
95051
385279
103137
321747
453321
200217
61949
299453
482789
241249
432585
483059
416423
208803
112087
44737
472131
358655
488417
468221
380819
160661
276727
231399
369947
379013
22805
441013
296893
346513
482655
506437
385269
315073
395703
371217
176591
85429
391921
451509
49567
169549
142223
177583
70751
211753
380817
382473
65773
517091
374253
272239
20879
314715
1679
455279
347039
396747
321747
2371
213045
159673
51601
315467
114459
411123
167887
465723
492193
186239
223673
235851
157889
460639
209087
523313
510513
391579
453103
159681
65073
400791
394849
468885
20879
162807
259455
157413
39023
502169
495233
321627
10155
463131
153393
70751
195565
517231
33481
500781
270863
374373
395703
344933
149233
284253
413885
360969
232145
185269
125009
360969
466363
488417
452329
47183
5067
15625
509149
380803
350909
119051
203029
100405
15037
453321
223971
177583
439919
314715
455391
4561
496137
321747
496635
314715
498833
81309
55549
395703
108489
348099
390659
203487
170529
136801
111055
375413
20879
254871
359141
103169
59649
426939
210063
44063
383467
488417
141015
472131
478555
394715
169129
252481
197105
87755
230419
210105
85429
315073
271003
211319
295103
8155
428475
288151
18461
145007
190443
78125
403981
34579
412039
496601
78049
96489
395437
210063
481901
203505
519817
8071
146753
268843
19861
169549
57581
449887
149561
15625
464935
393839
51501
493711
252333
48695
245271
332911
380487
474789
205273
419285
486477
159681
177779
110001
61949
414977
104419
189713
390659
187993
226353
223839
75767
114025
78125
47461
395703
61949
453321
478451
268843
253639
402429
378511
106021
307257
459697
313415
252481
11913
210233
453907
194791
272239
169549
14355
38991
253273
114045
454215
131403
372275
131693
379013
92833
465233
371789
113041
458995
25081
89039
22805
453321
399565
313073
10999
269833
226801
143857
136493
457249
1949
131693
130501
292223
171175
457797
519817
266183
148133
60665
390587
315021
423177
47183
165417
169549
380153
493711
22805
455279
71039
70363
421233
20879
462059
280255
168799
133403
161197
268843
393839
162567
169549
257505
140199
108437
517191
350667
177247
328441
238385
229013
154163
118229
316935
297747
221883
35611
34579
159681
497651
236677
254775
228075
302411
461015
242585
174021
380153
477945
275993
190557
442873
159681
232467
114025
293647
362353
267471
321747
389561
420601
328441
200831
20879
477945
493049
478451
230349
4229
15741
200831
344535
221305
129295
290211
37149
200831
20879
495233
357895
515845
263613
168799
291059
431613
460217
30099
258975
159681
177779
200831
2373
465233
239709
38299
131827
478451
291555
136823
254051
184563
243625
79961
136989
328441
187381
271189
56441
9739
10603
242319
172935
234893
399565
478451
264141
518499
99411
463923
15609
237305
221679
46641
252373
210105
98103
478451
223673
498833
133609
125009
331725
428475
63825
118557
515003
89039
229315
252373
523393
424193
88841
384925
108685
47183
79187
476281
339783
169453
520733
190705
41631
36455
426939
52901
394467
446221
152109
309297
24219
326449
305505
420601
297879
108685
190705
207455
93981
442189
317499
340581
259635
25081
31989
10075
144099
238385
252373
230349
472131
222463
92833
144399
149561
1949
169453
300017
30925
344933
461763
419131
254051
500781
108611
220087
159681
315021
399565
417435
315591
304331
190359
465233
111055
284041
287759
465233
252373
421233
132479
10999
167309
44847
112149
159219
1949
222463
338877
81349
455279
200831
111055
336823
512573
253273
513429
15625
506903
247899
70751
519817
245271
257505
86203
354185
254051
102515
91231
289687
398237
263613
488417
169549
322909
429703
402341
236531
184671
346505
498857
171065
286771
468549
169453
478451
431015
491145
93981
377779
360969
455791
475255
311091
1949
168799
41515
155857
416783
220087
135861
469489
377779
328377
92833
41013
109003
203487
424099
472131
263613
498833
78779
521353
325801
355427
223673
33619
328441
328441
61949
226801
465723
512573
12133
433503
27253
392773
102845
459041
199613
478451
266979
169453
320667
284253
117637
271003
339783
36309
395703
325801
446221
315021
225485
472153
65915
195295
309155
58305
120543
498833
430587
97977
346671
39883
363719
224029
263225
426699
160661
114025
476281
174457
378505
509859
184197
468049
216439
492381
42503
266527
217375
169549
73565
1949
500781
3883
169453
449555
291555
88257
250069
78125
1949
482445
93981
378479
210233
221679
124251
239695
305675
500781
266269
316935
226829
459251
93981
409173
83655
458995
34781
383467
94365
15625
420987
85731
397013
454947
283703
64725
397013
400791
461763
439083
114339
243625
457249
276727
122749
44763
470321
515601
314715
144041
478059
48725
403593
47461
152661
58105
237455
35391
67753
328441
337493
261437
200831
189227
102443
340277
282339
9739
465233
364085
169549
153571
104189
361861
10603
42845
472131
199929
261139
83769
310149
58311
243625
168363
23053
438597
412373
91231
119051
401619
315591
169549
4561
487177
127779
59461
482445
267399
395703
296119
269291
234717
123595
255203
9739
253003
78125
330243
65915
9437
397013
160661
350427
78125
93981
423477
172971
439919
189559
151911
222463
42021
266183
426939
114025
488417
229013
1949
211133
229013
204581
65915
317731
140347
439919
204581
500149
216501
333405
428475
243093
359989
1949
426651
371031
455279
13183
78125
412959
496553
498833
157311
187381
465985
513883
281515
310149
496815
147973
139483
95051
395703
439953
129247
108685
201311
500149
460907
236139
77003
347867
229013
362995
320667
319145
169453
317499
155857
221375
127767
362995
310149
509149
263613
120543
397467
19861
200831
523421
465723
177779
310149
450697
470085
146283
310149
285529
458995
367291
33135
432451
243093
135477
206761
314715
168799
301653
190557
125009
95051
204581
461191
423317
250219
159681
198053
241249
445769
7635
11055
402935
498833
128071
365617
297879
516511
334767
361861
455391
245271
454947
335017
1949
347867
296119
465939
155857
433757
253003
523393
421635
379089
254051
395703
86203
421233
500149
96489
284253
110001
389561
428475
180515
119991
412033
426939
195565
82991
243625
284253
125009
319125
331451
233839
177583
475255
420653
36455
96861
252639
361957
15625
361861
357743
383249
204581
13183
310919
432499
119051
475255
125009
111323
466363
515601
21737
515681
212837
394047
515205
162807
439953
167037
110001
321501
52919
266641
112087
80201
225299
390587
226801
428603
240223
341313
241443
327337
259295
108437
428475
445459
377779
334767
496553
243625
42021
125009
63147
226801
361957
348945
8977
451365
78125
194239
48695
219751
286771
22805
49529
91799
318933
111671
339823
63029
160661
452329
479121
15625
476281
167867
14423
110001
263613
161491
9739
233839
96489
520733
206737
233839
15625
297879
378479
319511
512575
19861
198945
201293
114025
96489
497489
243625
102515
301199
452329
280255
520759
125009
110001
475255
513861
34433
472131
378479
207679
61949
324261
483055
227113
500421
195295
472895
123689
347511
230593
263613
269041
125009
495233
485403
322727
237527
324841
4561
250387
439919
80969
159681
494305
454947
92447
200831
44421
19945
70751
267399
274753
69849
286771
358831
318941
70363
18717
199095
226111
216845
496601
328441
202479
470641
68823
80969
265605
185239
503441
177583
141549
106895
58471
8695
328377
39351
477881
286771
383825
454947
38389
44117
61041
245271
386233
453657
306273
297879
101585
36455
194791
372369
217375
415587
13183
96489
295399
301609
370881
342847
49529
223673
96577
276505
9895
133287
449277
437587
488141
60233
207383
169453
51157
419131
377779
330739
496553
460263
58585
110001
159681
199095
50375
328441
110001
457007
453907
453321
495233
345761
112087
430147
233839
197823
214559
109671
125009
122231
403593
404153
112087
374253
286771
398193
201769
321077
224653
23571
168799
159681
470727
250387
414685
465233
247645
292453
347039
223673
46887
169453
370245
284253
438475
11579
104409
302397
498833
271189
437433
15625
218189
26013
36455
128071
390675
482445
199415
286771
317731
96489
469217
421233
300481
69789
21737
75819
314715
33619
18241
125009
190557
121647
23571
325747
2871
51891
9739
402341
286771
195565
23571
377779
48725
99165
108685
158905
207921
78125
92833
266097
404645
460485
232607
466459
512691
328441
512575
468263
62943
85447
205357
401619
506513
250797
164847
42383
229013
102515
187715
429703
17139
168799
1949
316371
10603
286771
361643
359005
509795
421233
284253
17551
314355
117263
482789
438475
22805
44943
432495
472153
480685
294221
438597
460387
97977
10603
459623
421233
322727
430885
247899
465723
219229
121273
22805
202279
162599
10369
222105
110001
485023
314989
53851
51995
272517
254051
454947
72101
346715
407951
496601
243625
455547
290211
512575
315073
61949
125009
78125
4561
146003
15625
438597
237455
119051
269291
18009
211135
169549
517879
137949
340965
390881
20503
108685
168799
125009
320923
474249
176935
128071
38299
393581
121025
234717
128247
263129
473051
414931
40041
212031
117587
15625
476281
124585
314715
30023
466003
379387
78705
452319
51891
199415
500781
158905
61657
159681
458995
413625
317499
522047
152661
230471
162599
383345
377779
155079
375217
253003
238385
167037
496601
95489
91101
466249
523423
283181
128215
326345
22805
110001
144721
452329
445769
513083
302355
227113
328355
170139
448911
480685
488141
472153
45615
389463
241997
466751
351815
328441
108611
457519
328441
478451
34433
288885
198053
367145
160659
200831
499749
119051
369443
519197
221349
353755
472621
96489
300771
119051
328441
46641
177583
276727
284287
208257
294445
452329
514227
428603
475715
321077
69695
108955
203347
59629
218697
229013
500781
91799
416911
395181
463729
421233
286771
167887
313657
194791
9739
205273
465233
229013
336441
453321
187381
361861
168799
321077
125009
110001
296443
365373
493231
54415
44503
187451
159681
73001
159681
169453
63739
340965
453321
432673
61949
95051
226801
482767
314715
313415
114025
518843
168799
232607
286623
168799
22079
437209
318695
293411
146753
82293
443417
278477
22805
414931
190705
335017
70751
455391
477429
78705
182893
457249
159681
305569
4293
521975
466635
421233
169453
200831
495233
5635
307397
23571
38299
183699
472667
169453
159681
321077
112087
445475
438889
240033
157159
458995
292307
63029
132479
54101
379387
254937
193057
171985
159681
339327
328377
104917
179183
329317
177779
341349
112745
475255
278069
276505
377783
303425
248279
219831
505905
159681
78125
174021
448315
465723
478451
8677
77247
500781
11329
61949
378071
295103
437209
490293
182893
306273
162599
159681
101949
78125
452299
494475
432019
267399
453321
500149
169453
159013
159681
379387
362033
103337
302397
336441
172925
328441
185541
428475
88077
127957
131693
89411
395849
36455
212837
106895
62943
432019
142875
336441
112317
211551
508449
292307
201311
288327
390659
212277
169453
462235
292307
204581
114025
272581
441763
271189
342269
200831
495233
170125
130469
110001
284253
317643
108685
243625
164847
243625
143035
38299
73855
61949
269959
306273
259079
495233
390659
130555
111671
105465
515989
361957
114025
61949
213403
235411
187381
476905
193137
314715
242993
51859
500781
237455
49683
232607
243625
453321
62943
200831
159681
21541
475255
379013
302997
243475
454947
181883
94595
426939
428069
465985
32357
306273
110001
93197
39827
405097
157159
438475
239697
74621
210063
394309
210591
141071
500149
34433
375337
40017
15625
89275
243625
243625
246641
9739
285397
93197
421233
356253
328441
500149
102443
204581
503255
379387
158905
492081
351669
523097
15831
233185
275679
374189
284253
115621
112087
5837
522207
51859
423153
22805
199415
502333
518843
257505
110001
497627
135785
355219
51891
15625
176801
4423
175225
22079
169453
70751
100781
142231
32357
512575
201707
373127
80969
57677
22805
365447
225813
4755
358831
243625
10603
270807
472131
173793
22805
306729
22805
195121
359005
15625
351739
453321
500149
412657
22805
89007
361957
23273
49565
327071
476251
455223
28603
25081
219499
328441
303325
455279
200223
500781
272877
22805
113977
146753
437647
114025
11579
6029
395703
162545
222463
465723
343297
190983
248933
10603
33619
39701
145927
110001
169453
448993
130803
417619
15625
391625
38299
500149
328441
464847
258887
469485
169453
495093
298721
168275
159681
247899
181519
22805
329975
321077
37543
318057
500149
328441
161785
177583
459499
357939
195023
395703
17915
498833
286771
39701
169453
369377
233185
169453
32357
453321
248165
114459
15625
137659
243625
104389
269291
327507
328441
216631
220733
53321
176479
53321
379387
352823
383467
394849
403593
232607
110001
313109
78049
161785
94893
169453
316935
234717
516741
15625
508937
159681
500149
361643
374235
427145
177583
454947
16315
313609
269291
22805
284287
233737
406345
498833
233641
284287
125009
32481
169453
453321
353755
169087
45127
201769
428475
465233
160597
36973
465233
110717
240239
280887
245271
238385
44629
238011
159681
453321
144721
261531
285769
395703
201417
169549
177779
274017
15625
498833
145661
257083
22805
77803
15625
360939
200831
22805
482445
518741
406927
239697
346505
383249
379013
91729
258653
383467
112087
15625
249897
177583
297879
97967
110001
63397
207921
207921
64247
78929
340453
207921
177583
103567
189943
22805
269291
22805
245271
300181
360939
222757
5265
73027
273217
338077
110001
478955
232607
482789
250069
129557
52639
104493
15625
162951
89057
495461
94895
497627
396015
114025
104389
453321
441013
9739
428475
237305
353755
29659
433127
