# lattice
# An extensible 9125-dimensional base-2 lattice with order-3-weights for pointset sizes between 2^10 and 2^20
# A copy of "lattice-33002-1024-1048576.9125" from the website of Frances Kuo https://web.maths.unsw.edu.au/~fkuo/lattice/
9125 # dimensions
1048576 # 2^20
# coordinates of the generating vector, starting at j=1:
1
182667
213731
255351
96013
116671
479315
424089
271103
464421
124483
230887
392877
162965
109125
168491
216103
5613
207895
506745
189519
114879
133967
374257
254597
502087
298245
191333
242099
285991
397887
507051
511437
129779
406987
345291
225123
511175
432153
306191
116577
809
370175
402615
485791
201053
366959
54087
395609
211615
68543
443345
327293
290819
278623
362043
236117
11091
216837
31545
325799
503877
410523
88371
240077
423807
479855
330835
134517
329989
473381
59205
337775
355995
372243
279827
367217
277741
267077
417971
152599
184949
511773
397077
520041
98063
52983
91233
363069
23829
424377
225285
171171
496765
352791
223231
253273
296195
273379
407265
305849
215121
489851
245893
397947
174723
329797
213325
357759
346031
131433
110731
487615
371877
330799
124595
48775
273275
405083
436731
465257
158265
82033
67805
203565
190785
351165
19555
210139
236211
197333
217457
437623
304987
461169
470529
457011
91823
40575
513857
238575
149779
163017
355521
438395
429151
510607
252661
255753
219989
146583
138783
262887
22765
313675
329005
198699
239305
416211
305549
185961
343313
485961
333207
400975
334381
317357
270221
175403
179303
341251
11983
497027
145741
431637
27489
460319
288665
178737
120329
99851
97789
446355
398323
320921
399735
301009
58221
20499
496019
201021
18141
401811
7615
13797
56685
35433
143763
221013
111635
398843
450531
503423
37261
130555
159743
114359
283841
168217
148271
69501
450607
283473
13641
443385
338995
8113
30043
442875
502897
336337
110527
514381
200349
27787
38955
214547
231515
315083
458703
136455
23359
247081
448209
421023
417125
314287
335073
315409
131405
495049
459151
444599
458887
36639
512851
431191
257755
336191
80771
209571
201763
476611
66875
216789
426571
477141
57497
346643
312477
195855
283913
134259
78007
206851
367259
297197
90095
58027
222687
186773
376291
266565
363313
98609
5093
46873
456783
466755
490973
141089
63909
470491
143957
522397
185037
338677
119827
200753
221811
286559
19683
27881
220993
110561
446047
44727
380733
246933
320283
259667
313171
307877
498659
369629
382795
233291
503271
236669
451281
517257
180291
186613
331481
487085
427909
70661
661
239429
410193
522557
21083
455269
4565
481763
323253
365757
158517
193295
469623
242289
442553
488709
420303
151555
339289
37947
66323
499459
87281
126697
508883
241119
301537
39779
164315
242521
309569
92317
16541
169075
405649
68865
133371
472995
161715
408445
431781
347007
16627
43341
293235
328005
391913
402789
157951
374641
116455
479091
434001
434035
79739
142549
237507
210925
162389
228837
247477
315617
346365
47207
167439
396005
374115
286879
385
221261
157281
307311
469771
13813
307393
261209
397203
314125
373317
230179
253641
229057
451969
386679
90819
444013
269043
475501
132587
287719
89359
217833
304275
408981
277515
465275
122287
420485
204893
485847
335899
197479
131951
489045
116391
182133
132935
260647
470223
24317
370505
300645
221855
95761
228733
287833
389923
313019
295237
381513
196435
15297
294871
267369
117033
110951
402061
322613
508607
310683
245311
212345
213887
242907
189185
52609
63933
214337
322033
267229
421453
6973
84411
504749
445067
183923
459639
199471
460365
140433
355647
299899
487325
362609
105365
459579
481643
147665
306379
368397
34909
469315
104801
410927
175983
434559
254987
411307
426343
462991
174309
200421
225891
218575
52419
382181
302103
242249
468593
459953
15831
74367
203123
352331
2005
190473
245795
298933
27529
132969
133047
375829
333711
14119
145605
121537
64059
403317
452145
93347
417051
438969
314237
33733
514883
132369
305087
50959
6337
451059
44985
142405
47877
223185
431527
416269
177905
104629
121643
111869
180353
284651
79301
60863
91103
260269
230541
374483
412137
455965
249339
97557
140627
135139
173453
123149
141603
192959
370693
18775
291473
385945
275749
496805
8101
79711
311263
426829
157149
37451
143299
186791
209431
524243
74461
55645
135181
315485
502423
474101
237307
310243
350465
10019
504175
337413
113193
363299
295729
310337
166319
432275
166973
339435
12247
447019
380275
194937
128651
143805
178135
327333
226949
504321
364595
78335
479411
229765
159241
204819
349963
198305
410643
73239
13693
422801
388511
191007
346475
435997
70713
356555
432927
64895
247217
450335
101675
45787
386437
514125
110117
272779
448801
235571
29195
20745
186335
36895
122491
394385
410515
38815
188947
284779
268037
336379
334445
345131
387203
103939
356691
412439
197791
214179
330283
13415
399359
350885
188877
99061
488839
239833
114249
123727
481273
328851
289745
380837
2529
188891
62413
403801
9985
310643
496949
36107
284497
164259
491755
281677
449805
482373
300299
416795
379247
215901
424107
63211
180719
259389
155667
298797
33981
183927
241719
319255
194057
65251
293893
487781
104299
62957
192351
249741
231127
291341
374771
198513
152229
493687
247777
133951
483219
131327
442749
365247
26349
364135
53985
271773
272979
401987
323297
322967
178989
372741
355981
489943
359819
323785
315067
340603
293149
144065
179791
353571
359391
263865
237627
391821
128613
22741
202125
496305
347621
280839
453131
125859
335319
328921
261875
475275
42949
83187
277481
513825
177693
217725
131305
7415
416971
165421
472571
391313
506561
135019
190013
70753
366987
523515
62497
20667
515797
185765
276083
225101
354605
299467
475077
251119
309515
370931
279461
191153
70277
31851
266209
69867
41527
329215
325119
19951
244651
423763
490805
102763
360783
157485
181171
250549
348159
376619
424555
411083
120849
292387
220143
135245
313547
236925
14541
42625
499187
492767
463587
437049
150239
340937
109219
5537
404167
27333
457997
512891
149587
45325
400001
410747
312933
35217
254355
438227
28987
341989
268939
39717
480331
97805
64169
426903
221619
233027
194659
65033
482401
357965
192877
442829
84845
411581
222481
189141
56321
259061
287213
228301
67101
441469
504907
286941
34405
115557
438613
507491
211201
225171
327647
292307
27565
36219
52945
448235
330693
77533
458459
176801
477597
30227
116843
48689
365109
400427
399227
35919
193531
185437
495707
66497
51829
414757
185531
177869
205659
278647
6851
241547
411435
193033
149285
330963
191219
483163
151605
488243
89829
395475
1381
291993
179267
17159
16195
101507
85171
40411
423093
301261
129437
76009
103109
177167
337333
19621
30365
339997
497917
4367
86245
255867
39757
11037
403117
159581
63219
60197
176671
234085
340013
360333
443
179475
507459
197457
51877
458085
470697
423181
29467
71357
452103
381853
350749
33837
141039
39473
144683
52899
172499
518881
75897
2385
428299
494799
228181
408085
145427
287243
366685
220623
26827
117995
287045
245829
273409
151837
96073
70805
425149
153789
472299
488189
166709
43605
389917
43693
165147
125695
510797
474877
114777
352529
200923
266085
124811
450925
182643
319955
356675
134683
446687
373853
236239
331691
82181
150005
340367
472941
106107
116129
116549
100159
97203
324227
19717
18373
378173
406703
156321
42837
407291
514159
74829
144851
138323
111983
233429
168813
9575
269407
493421
192197
459933
74595
233637
185559
414111
418093
307539
24147
347063
422451
21139
152563
328989
109121
117807
385019
208541
323725
234055
221237
231765
152037
320181
219981
518989
389219
290317
312379
403405
507885
498833
329757
74263
224493
260227
481261
419931
440079
305035
206491
287125
1221
198365
505909
383069
513091
452597
483019
24969
499547
41099
124431
44429
311213
32285
7727
136995
241949
241333
165341
190123
38877
181819
503485
354267
212459
355941
253627
242555
326571
343469
342887
52877
56123
480005
136619
12945
29669
380709
235693
22691
43191
135661
27635
307443
225885
265003
133183
274369
434699
161229
484283
363693
505779
208033
374109
433107
381805
275101
417613
401921
55107
425037
521857
260701
402307
42587
59475
271851
53453
382947
234899
237259
103075
310843
345373
148397
349217
503419
63357
6611
523429
461491
19499
439379
42925
218915
147571
234205
349457
356795
448197
503331
237789
13091
258825
483437
155115
490443
117725
367005
129761
394445
443749
156709
265315
254821
361187
441331
61563
416729
505253
129357
284931
176765
420515
207563
467093
124275
402669
147117
108079
150515
230897
413805
233897
388931
366653
32569
346229
229537
64109
64613
441859
13955
411549
92617
475177
349443
164085
482893
129979
141101
404193
47375
403469
100021
419637
414429
326277
267867
277579
375925
208753
316523
189323
379107
166389
207189
208701
307039
228427
407965
120277
489683
418765
406531
319661
334415
162945
307177
478021
446339
99133
21165
5005
322907
302495
74203
210133
394363
410529
35211
247301
366349
236501
353205
250285
282101
23219
198605
21891
523695
214659
416235
121597
86325
205155
304405
152515
380939
302683
411717
436993
341875
1315
30667
98363
361457
486659
314139
273669
143987
301379
306061
243117
304173
48031
513457
345965
343075
237803
342593
281485
344467
345121
234195
3681
121005
161517
505793
217137
188771
498275
45499
463565
101923
6063
90565
47531
515491
112697
127405
374309
14621
482255
64333
5649
269973
48063
89573
489445
469029
154853
68333
377307
170831
327421
43505
163939
327765
132115
496643
7893
187469
322597
435871
287147
340017
153539
497955
215477
345125
477475
48897
181587
439025
117091
403839
427133
2211
169621
154165
18173
91755
21613
207109
476459
285123
226867
469373
416685
319995
444763
452337
389803
168829
509811
274933
236395
472687
357957
332061
446555
140573
275349
220549
306051
93169
404795
71931
191253
352291
255475
498625
488063
83551
158525
462577
466549
373515
447037
204595
441075
362579
269123
21163
461777
292941
311131
329301
10691
348189
403579
383453
124397
467219
419867
323827
77835
157309
523419
381363
115043
52157
16899
324323
265253
274787
261491
393469
229869
154975
259165
509405
347163
133537
77361
280525
382813
407763
68429
32799
422173
98509
154621
507157
521853
424069
454059
235077
105349
264563
171333
144701
420677
479755
224611
11179
150675
258351
258853
264927
207205
185997
84885
342901
470053
263731
293269
81197
465109
354291
394283
514419
108411
33387
53845
216833
123075
231821
88879
288187
315875
354701
501901
270949
367403
278227
184485
399339
257181
298171
289883
389349
404785
183675
3005
283327
381717
195581
269469
95341
65457
277021
371867
361811
387883
280579
166021
347293
469869
177855
482653
404433
112003
76787
242561
41917
513573
410607
500461
137707
264475
163901
167853
480069
87563
202511
375269
504779
72187
182987
376339
120269
322453
37443
482387
158051
395211
484595
347475
111411
146783
240333
476339
203791
475389
270117
248933
352515
366523
134491
285891
296893
259675
372291
57583
211475
390397
273533
124243
290693
111749
226479
75923
275011
214413
270591
199019
189771
158291
508717
286051
166469
368909
107091
337967
379395
168205
199645
416989
376613
140971
150091
471723
274915
253163
486405
277755
59041
132509
87709
82115
463541
49059
447421
42109
161117
199173
444245
364747
402571
262893
497183
190179
235085
263619
514661
33451
224643
281905
304741
85451
511101
352811
71299
428749
287821
415123
405275
488083
61067
329715
466893
95953
500005
242733
26163
368701
88771
416659
265139
295005
386331
366893
65989
142917
259795
5075
291661
452651
158965
474333
346235
227859
10603
119027
415811
159725
430289
398877
466885
129803
129795
385069
370941
73315
438995
335259
85915
57091
79811
68653
282565
412155
443701
67197
435237
160703
28413
298645
230563
219189
382241
517723
49765
278901
218085
468173
489837
368773
18187
380845
363021
409221
481411
440319
339163
509093
225949
381443
200539
331219
6591
105153
412063
451213
236451
33357
36085
422587
415227
58939
176013
460941
464061
97669
84285
395011
297757
115315
346469
507731
257909
465541
277299
92269
337901
224467
196883
77571
180645
454901
521203
47845
123221
411677
385125
36923
401693
515901
391613
425685
504227
139585
278767
506381
111295
371613
407131
15715
124989
72645
461691
319573
512299
120155
20197
360269
79317
87957
163307
381571
132229
149685
130499
261749
100051
436667
2917
26293
84893
42803
372333
231967
317825
241869
10149
499037
312317
314101
78387
254227
487555
48445
424333
136659
220477
387149
318869
368941
182501
118915
510803
135317
340117
500499
458805
362049
408197
334645
171003
164495
195051
143027
328573
385397
208621
330211
145701
306637
306611
238655
198205
299333
475237
179637
347123
68051
336995
34785
198723
202251
452611
106181
413445
366429
144621
36379
449059
343157
450331
265875
428235
45773
38275
64717
199291
113595
76571
251621
310477
200693
388421
299059
491741
282603
169507
372421
128123
407389
484037
127371
48589
263131
446917
290525
212035
53085
369549
411611
457429
456147
456595
330365
320949
441491
314693
253219
74437
403091
437179
380403
266269
264787
260379
456453
378075
253229
90333
205205
392803
288283
371563
88829
3493
368045
338555
370691
179027
474109
468325
107917
484701
507925
35925
109843
113899
119267
299867
133547
425005
494109
405989
134595
323413
120077
496693
325659
133797
99427
99173
256261
102211
136499
253003
269507
289997
222627
493811
18259
39973
72405
202973
132643
89797
213747
335173
44611
95115
323189
398269
56691
17645
14043
259301
469195
3453
415443
49203
78957
12517
485707
33435
56891
204237
459899
339189
69997
242501
456955
343355
115203
419373
504251
75315
66483
190587
443235
518691
504397
397563
79397
225349
40941
288685
164749
10341
448605
41699
345365
340229
173099
202715
169469
476229
117907
416381
16859
514435
450035
500869
200813
209141
233493
264195
454251
166533
53347
401379
332499
200715
436781
148917
252765
493595
160661
370011
398509
432835
28877
185563
65051
59109
295491
445341
215675
193893
472067
109475
102181
518157
243965
302691
93605
120429
39173
521365
70995
268451
48931
27803
269587
425285
289827
443989
522915
363685
123669
5133
406109
29659
318669
482035
511381
156597
105763
161067
341181
445043
132011
17955
204989
37693
333283
522453
45005
33163
39349
371283
379949
474901
445557
68035
108301
261661
109509
358853
134723
321997
41475
60731
519963
343501
197141
227499
347507
138427
338171
412739
145925
256467
386779
422067
333603
28357
485325
246213
107749
4755
251187
135741
372293
108243
270275
117637
209091
438555
501933
37997
301259
497323
57285
459499
487693
164509
248699
459365
283571
510717
252501
182275
15003
361091
417813
471515
223909
40685
47589
458387
493477
249077
451667
463747
145077
464613
83835
237419
138195
402285
60347
443779
336869
99827
452571
209763
81701
258541
117381
172237
184843
71293
237083
15267
355443
178203
334685
405395
369883
195691
222307
387165
314987
301907
136347
4451
145395
364573
109869
508237
163821
94907
465309
158331
403827
161669
181875
449965
134299
128763
52509
502235
5419
336899
56133
174667
481731
168629
20619
309955
158795
296797
273907
442197
179051
154107
156829
42451
179811
207275
95581
281557
515723
401397
230419
435973
448051
321747
45915
175395
310149
190387
33213
402709
125405
483187
138645
430789
46861
455109
193499
53197
189405
513627
69995
9229
414485
284893
41205
240827
165805
455219
63781
513083
126323
36181
335389
446693
63317
43475
7485
360389
220227
483059
347491
304011
43675
103379
53643
517891
134011
382141
72365
83291
487189
314989
362443
319419
282829
167741
137213
497483
440147
487707
86501
297301
110771
312059
129651
410893
86531
65093
327491
84251
78467
140381
382021
42805
171971
96851
101581
369115
41179
429133
327365
439933
164973
278629
437997
419707
161829
21731
17283
32509
221797
228499
29501
321509
231565
485045
424573
511869
474437
172781
321235
9787
18483
492763
116987
283795
83323
225803
142237
503659
97043
365731
234339
9739
174981
89275
344933
432499
312619
372717
501923
185851
247899
483821
427635
137643
312245
162333
220899
482795
224547
146597
319349
244691
204355
25859
308797
51787
263819
230573
25917
480405
324331
347581
410053
167915
227331
330243
517883
46309
474893
365701
28781
140347
445013
290211
417139
459371
59299
439653
314683
442139
196387
221349
461477
22067
87389
178253
300075
413667
345555
310941
261235
434227
340027
430997
482605
341171
316037
385419
200035
243541
29451
213781
102515
35371
476901
439389
336861
85453
28477
187125
450829
6485
193539
440541
384539
396629
306965
41373
276003
459115
143565
54267
231133
205115
190875
277037
11301
317731
215355
283877
282525
61659
380563
238387
129083
496613
381677
380371
374373
202915
377965
217691
296205
379013
520957
59461
75603
366211
1061
255373
47701
425371
301357
220485
187315
21531
143069
164059
313285
176019
495301
442189
130253
41365
469115
357837
367845
47677
235885
48125
451365
496525
149179
470877
1949
517243
434803
325261
174869
180155
311083
480979
246515
461797
162779
3059
242221
312579
172165
437821
61701
75949
356389
179389
81979
162405
492621
65427
194437
301653
39731
71043
508219
63147
219427
403619
449765
398171
489221
254909
68147
91749
355859
245157
83163
275565
88469
103027
11171
119963
476045
511301
156221
219
398675
294587
267069
56677
395437
343995
491901
402429
93197
88325
22893
224283
483541
149491
307101
304605
281835
69509
19419
51501
458659
174021
455939
335501
105637
13893
21773
505965
448379
435277
408371
122085
170275
389925
146963
296059
404867
66627
220315
400941
227013
458003
372573
320923
225299
46853
170611
278299
365269
355675
205357
136875
235499
144027
200253
125491
243739
193109
79187
230851
231907
407483
214131
7685
270781
202421
169549
22267
40053
58179
182355
335813
521787
225459
151907
264435
204197
235925
228379
98477
450885
449277
326851
23717
308237
460589
489509
309781
280765
436357
78125
292453
412019
427253
236779
36973
444707
445333
162661
338877
511877
50179
396109
142299
352699
326765
144603
420387
50483
138509
238949
117531
353619
117293
379557
354467
270485
250069
242893
155747
190443
289885
355029
139357
81579
504947
291525
73101
422139
484763
302157
493349
481773
290757
149051
455293
70331
359875
185805
380667
36419
331461
440685
460419
478709
458995
85429
434195
251875
368869
372909
173221
241067
71667
337989
446899
22661
297315
348371
101339
37315
505371
294445
475811
103643
355093
392179
428475
152085
286237
301219
208101
1173
405795
340885
97075
72101
263013
402909
245011
223917
165211
259045
261123
219259
55923
520597
24205
508571
457029
403565
119501
268795
58483
145387
358875
83
29891
344379
303949
260003
432187
260995
287475
479685
24877
346715
111317
331677
247595
208747
472131
334165
102731
284451
294627
202509
498571
179611
336435
92869
240899
451971
272877
54349
48891
435157
258979
241413
120557
132261
102845
428867
57739
82139
348717
512573
182099
173019
521109
164493
206171
518499
468549
521533
206053
447837
108365
268219
186501
348965
278557
518741
298525
126523
72909
146667
241373
426651
241773
12309
77987
385389
314355
19611
15741
379355
386347
391579
14355
129557
518333
422373
391853
477125
280235
193651
213499
147699
509859
275853
399499
63173
374995
358251
470819
243307
401779
303717
249011
74875
216333
73053
125787
275603
300181
438043
388163
228813
9915
167037
415621
159917
80741
1747
288483
198917
490221
123093
242795
250211
236541
42021
277811
157029
79491
232773
314715
471123
522685
115483
20317
51907
196155
191723
244813
267483
308691
392773
376107
215677
342259
152619
472667
215261
434043
279155
498499
157445
267059
117077
515805
34837
390237
465549
263707
437363
38299
292923
432019
458155
430555
297235
310813
468597
304565
414381
39005
483643
190445
97539
274763
448363
248845
51875
44421
315021
239587
158203
201883
17341
204627
357733
101611
8971
91285
255245
252067
192533
430925
293317
3533
402749
316997
68907
251619
478555
291555
250773
121819
377581
493923
378021
387981
179243
59171
124133
335531
219619
30963
210235
219669
380829
473499
209309
180515
287963
15507
153659
441549
384845
172293
486477
296443
462235
426659
213891
423531
420315
28371
45613
189891
511555
55419
349611
270829
407685
129477
357373
123507
98789
68131
134803
179803
20229
236531
23363
79147
487213
274747
462059
417357
189083
208803
302235
124819
273293
102907
421203
298869
450709
499075
395101
519515
124739
480909
374571
439131
303347
197403
515755
440339
138347
981
509731
417965
154445
57365
420195
148331
282339
377365
300493
61883
170691
169339
183259
286771
21093
227299
207331
285411
410075
143035
333069
395181
122205
62683
488141
221883
304195
23979
465715
12347
393477
461443
312891
349459
391387
60493
472693
508349
417003
433299
394597
131363
433765
191091
180539
405371
489885
291541
360355
46941
502939
281971
235299
35333
126067
268139
254051
33899
352597
138859
359331
459819
108787
189093
151675
121203
258027
211789
142875
127331
287973
185683
311469
402843
176803
337061
404493
200955
398803
173573
257763
227219
75109
323101
10803
245051
449835
294611
440795
59605
443123
359995
412877
279267
21541
407501
16205
241221
111299
418667
287525
329437
73565
371947
303325
205029
281715
243653
210851
100011
236437
123827
500861
417643
246043
422845
305477
420517
488269
379901
186107
225523
373333
60827
16403
234893
25643
140563
381797
286365
102421
264163
245475
250171
496989
142635
126181
110963
16109
173627
165251
214221
430485
258693
144573
247931
352477
227195
80883
339301
349299
62981
219621
497501
129813
256483
472221
60323
314829
315733
296101
59451
440211
457581
324005
338013
137659
288851
369085
247003
49837
203739
311123
343357
287253
390293
129971
461275
434477
124251
154581
51101
228459
85773
120219
368349
46691
201221
513323
301107
17139
9829
266979
352005
523085
335419
2723
151701
35611
32141
452051
469347
186581
55275
104611
363365
239331
504069
190093
127197
320141
326299
264981
278869
244195
384205
264789
405899
38003
450053
514227
326341
249139
47829
90205
326549
333419
101309
449957
343451
350771
408259
315451
523701
307885
93917
308443
289211
297699
34683
163597
372061
122565
246605
498611
480091
437595
91805
433195
340877
382523
249107
98083
60565
340453
176291
285925
380819
417619
353963
118635
400149
227347
406653
463717
494387
491995
300771
276851
25243
77803
488435
294157
155323
206123
195043
386949
190557
290845
501547
332907
460899
411021
256517
39789
422501
350883
9179
507603
308067
267045
82483
364627
6395
401629
308181
241813
410197
514389
393165
50755
51845
278115
357147
358157
37317
115709
460485
119629
245395
35077
66213
345949
445205
339037
117645
248667
280285
444771
272795
2995
471765
220763
326037
14227
393349
175461
196323
230083
176187
154419
226115
437355
379387
101531
506813
256371
364987
326669
252579
260835
389595
147477
60883
174613
505171
182755
261531
489565
155307
60685
461285
475789
39133
461781
478059
288595
221021
432581
365797
214195
29581
174805
25253
349403
96819
414323
56555
76091
186611
430293
28523
55005
335517
237285
486125
225947
1179
15565
10219
60843
254691
257869
152683
510051
212731
10181
233187
303133
123981
372859
40029
446139
38861
260437
176349
50139
377507
281189
456261
416883
398515
502213
283965
311203
439595
153195
520029
422405
273949
17243
332787
11499
228869
62157
176483
288091
44685
512475
54995
6011
299885
279595
436243
410843
178861
447717
73619
63739
307867
417501
2197
214755
523059
120619
513131
111155
187789
228509
1435
317099
365299
466459
78045
502435
420083
88939
419131
242403
396403
132395
283803
340061
122717
492467
448827
39701
514461
362949
295091
347677
289627
195355
338765
196549
308099
394757
185277
422259
361851
215061
18077
288941
27605
118443
330285
467651
84565
131989
183091
396635
207515
184035
395347
201149
212859
430885
315443
450781
61589
132059
440763
142747
436787
435981
270075
356253
296285
22419
452283
50061
199109
101077
53851
244659
127139
221589
26747
230115
453907
478605
183451
515621
309155
465741
5853
140957
367109
34131
32357
384541
261829
513259
459093
326387
56213
520987
460579
180373
130859
107163
230413
237589
322909
269611
174733
181205
17523
369445
124829
470221
266181
136259
295747
481893
311547
142189
64677
345741
134867
256677
182445
315845
224573
276195
328555
452771
451123
345627
235915
381171
324091
3149
445285
242005
88157
147235
33557
389011
133603
376187
189261
89669
98861
389787
279323
409245
217827
307491
416661
37589
241531
378829
334805
139877
240755
433915
437867
171357
353075
331925
132523
156333
103205
501389
260117
182189
120387
265787
49291
173739
171747
451035
258675
223291
186147
379443
215717
278691
315515
314291
3771
462141
165709
269245
41275
320667
2461
78613
69875
487517
372253
333099
387947
468147
204005
125595
266067
360093
340581
318571
33059
326861
75259
463987
211683
166747
366805
312509
252971
298667
421213
477035
130821
201389
56051
49563
158707
385477
353555
145245
401389
165083
372515
131477
25899
422021
200333
24525
366853
402587
7949
377339
177891
189533
56667
211571
168725
6811
199269
377779
241363
523035
15203
165445
273875
97101
146325
165533
170467
161699
399077
491411
430021
85107
390827
165181
207829
44237
282645
505381
454947
391317
479795
223685
247645
477701
301731
238293
131171
205539
224795
410405
489693
169387
173203
344187
111579
293189
119933
185229
366277
490675
333035
521051
117837
338597
433821
165603
423019
169613
112853
504421
241421
363749
24917
237661
271565
78499
376165
416149
193251
200525
155003
384155
52291
30547
284165
35443
243845
88285
150677
145891
329779
515029
301781
253539
452155
214477
229539
298859
170739
177139
516539
186813
309509
451803
423147
397069
452549
57957
159459
301165
43299
347243
212971
246131
88731
470957
443163
484467
440661
185549
411555
148133
362717
201059
250957
444741
4941
46429
486565
62309
157381
436909
485475
460283
418517
226347
105789
79419
396829
17869
479395
87915
94811
90363
353213
515261
483205
173171
62571
273123
145813
83355
192221
87219
491307
223573
300237
200837
54925
275813
371043
79893
518939
499933
206043
326891
203427
380485
344789
66637
99725
147171
522715
223789
181093
513805
510101
144659
429627
481877
386061
137309
51363
501819
479877
46397
127957
138125
81619
224667
297637
505349
409117
285357
25139
409259
181397
41877
137043
384669
493157
64691
102139
421667
371635
187107
258837
364493
396587
328355
26525
408219
226085
199525
496845
19963
288323
214181
347325
509539
306219
124685
450693
104157
352365
106949
414011
391539
439067
96093
308339
48747
457795
92309
153315
477525
12995
385083
112547
222101
15707
365979
324403
304709
260275
364461
158179
323363
294245
147781
60339
411771
242923
195883
363699
453283
365107
102755
305173
328485
466075
481907
399835
152109
168675
97165
12741
441115
94893
204973
103963
238443
58203
210573
495859
422229
268579
97989
488405
421725
462597
211763
184107
239709
257131
404987
271539
411427
229395
445029
134883
446725
347755
225635
10189
107173
89387
99597
162531
507755
199451
11621
345437
204899
344173
215173
390363
70541
84757
456947
98645
83099
264413
511629
506773
228933
329165
289859
109027
47611
361429
72387
435123
463885
176581
104389
507291
270173
286813
259371
32747
455859
153925
125747
378589
147307
330587
220509
122595
490139
30803
329051
277931
346467
517005
27541
349691
174819
319365
330563
484507
56659
365491
303893
11661
225501
421405
210603
277275
399973
330899
406571
228053
271821
62245
198523
218691
420101
344115
58219
235891
499259
41779
499653
418035
197981
283037
524115
156851
153157
518459
409507
371355
131779
310037
28835
252813
151141
78179
395555
360597
312213
427691
493781
411747
137437
239099
255141
329619
506261
361243
281301
110307
428979
185125
488101
144099
505299
59845
298189
299877
379123
73549
373827
72747
359965
258661
170005
444253
366221
390541
393779
422037
247133
306875
205141
221
167019
428941
184187
408397
503083
12195
475387
111973
94331
505565
458397
16869
137955
106555
152811
181325
410419
481755
92995
273029
281445
211451
292179
191171
293773
117349
119579
161491
116451
96739
476731
125995
472283
31677
63083
27469
266611
77381
171021
154275
491259
297835
53811
274653
247131
229035
75693
117653
159651
322859
327701
180323
93541
498765
59243
183803
340211
365723
395619
69469
266413
371547
80853
145723
354749
394005
381747
350157
359195
23963
205709
131811
243259
198715
74941
289475
433693
186709
8325
411869
328923
500557
258339
48235
381299
1605
460075
29347
115645
104163
141637
437043
447141
117683
223109
494949
408115
213075
327531
372757
163155
10147
128507
361357
53603
17253
167309
99371
165275
426147
490261
262387
84451
44261
445605
403797
327123
274211
257643
451691
156387
3883
316237
482005
121123
178027
80243
290363
127651
308005
128205
409659
277693
250563
174757
130125
289435
98019
278419
74171
306587
320397
197867
296699
61347
153763
271509
321891
400229
339461
465459
499491
446123
54229
361579
301299
391035
72163
62285
395285
217813
229475
236259
201499
103995
250803
296645
279203
346739
73211
404645
152691
13107
220813
362555
21285
199613
16093
182421
97627
520877
388053
476517
369347
30893
214685
265371
30379
262051
402325
439061
29875
149947
363109
362275
456259
257485
319571
91875
2373
152875
314445
262021
440341
194397
443621
68403
375923
495141
248547
27029
131443
82373
404131
184563
124123
36997
386923
387171
4147
17915
159483
454765
117605
153309
135509
225059
447899
480445
76907
379947
445981
482317
271003
406181
15659
179379
362403
245819
226189
42653
62699
302003
428739
205891
225723
110907
243149
258461
407099
240435
37659
519517
319325
521869
99163
223475
31893
85731
500581
226523
385365
300731
458269
269651
57195
234453
486323
207765
223971
37381
449421
523563
427741
433331
318053
87843
311701
257381
436317
138587
70451
122859
67229
114131
301499
501843
139827
61781
363291
492437
348867
219925
440443
438717
437181
365379
149445
268741
373581
394589
144165
169851
99533
408461
512149
482149
145651
73443
80485
323323
225651
54195
376995
506923
49373
121315
119523
154325
213435
502387
92677
471707
493859
100331
140123
468203
379195
330413
281371
269661
80213
2957
116381
405405
271467
494131
122035
165019
30869
110499
410971
488131
353323
164565
365645
107235
220731
382917
156877
431323
106739
260931
458427
521149
176741
59875
313565
203269
440237
53421
358451
170651
207723
453051
356643
281421
34445
297877
482973
124949
123003
180963
328819
447643
216363
438597
474661
441661
475811
506867
432635
105883
46123
313861
93181
322957
319245
79813
27037
365221
186589
321485
282885
224077
200141
361621
152005
29027
90837
168115
156245
137299
82211
94947
308301
258533
388507
426651
484963
162627
454181
135493
144563
32917
28915
274653
335821
523261
66181
92837
117611
98181
22115
318309
82659
181355
507549
424453
387123
117181
509539
523835
328883
16059
347515
513243
70371
303317
48909
381955
352435
167037
377445
203933
495019
86893
261077
365269
34363
310179
371981
43349
488541
144733
452203
29325
439501
82659
443973
47155
75677
384315
8453
441923
51613
372787
451733
461021
522181
465541
212325
184973
466653
508467
11579
171869
446315
398037
217957
361157
350229
238685
497323
121923
340621
451931
323805
238595
47587
31141
151099
458995
513203
35685
58053
343437
242877
377933
94821
387989
73053
513531
433701
395091
495957
58083
20347
480299
269107
105123
514853
504947
119045
436323
74765
167611
283491
508027
286157
343339
292813
445669
500197
333741
453275
520947
313123
515845
348949
123029
273987
184563
460387
283581
187803
336469
27499
327843
308147
453757
377275
351053
221637
122205
17643
401093
402939
516451
470557
450339
173099
91243
247467
219077
288861
32819
36139
290525
9819
322877
105587
139373
246939
70299
140667
229509
100253
70861
492891
100723
372395
193613
430789
45795
13205
126733
400195
443507
472283
354979
229637
319163
40165
55459
511821
64667
38691
270485
499085
53075
117141
126853
270051
338373
152589
470427
506731
35299
180387
378091
371789
271061
464555
134101
410829
152005
166733
456763
389213
20125
179547
168499
292347
501053
253085
181083
33899
204557
484117
470365
470725
9293
306715
254909
292421
158605
95235
494373
175907
519013
33507
465309
312677
295731
443741
470715
149405
352597
523493
243795
39475
10917
408277
220275
460707
17587
466027
181755
352923
261661
286611
376699
356203
488131
441301
235741
415795
483619
62613
142635
295525
238515
366933
504251
337467
75405
430243
105843
23011
69509
297779
287979
347291
282381
454203
84027
286771
131517
450821
263907
491875
473893
91243
171469
188509
413221
127685
52621
21219
138509
283419
514725
98525
208611
305315
236389
322043
175027
416619
443459
309955
193885
287859
470315
12901
371947
5309
81221
482845
359491
7125
331925
362091
355533
71163
192171
19805
381837
494213
72829
154163
294587
368477
201907
487163
422835
360205
344933
76189
167621
221637
258181
510173
42189
209187
371059
478101
314715
44701
186461
149845
449765
413029
141027
453413
204093
519749
107755
286843
288709
214131
470669
322725
152725
359347
163115
230115
46235
438365
39429
461525
106051
386227
140869
343501
37955
10723
103317
314325
429043
303325
269723
55971
493405
410971
263485
258915
213141
465029
35269
522803
438029
46013
1949
382157
11947
500421
441421
227245
485397
30053
437363
281829
1131
446573
65245
366933
519403
61155
432933
440541
418661
327501
387131
118621
376107
230051
81467
410813
495133
376571
422037
426309
504909
393843
174869
496229
314253
269517
296443
348037
85309
427051
428475
511907
467299
328859
478029
511437
326507
435811
515853
227043
130405
1565
39731
451517
305827
412453
155515
315021
480363
67243
83291
8931
279851
41755
231053
368197
372957
423531
222043
182835
131235
63395
307149
207707
64627
291269
185851
168277
257101
135483
382269
14395
182355
136037
375915
144085
454947
242837
128739
454899
320589
439091
355093
119851
507421
266091
263971
355675
293709
132211
213605
172293
274757
75827
69277
36957
162661
246565
492893
3357
408005
326451
432499
367549
199909
284331
473765
197171
160661
277661
479907
175419
94331
376461
33475
479365
388163
72781
88981
150021
27349
13853
515755
199723
391973
157133
377075
62613
384571
511091
202467
451285
358341
303253
73565
109389
216645
401187
137309
92867
136269
187349
281765
349299
474347
99123
10683
459365
100765
252571
146587
442723
298525
27413
243549
441573
339677
15645
52621
152219
232259
126917
13517
59171
243037
437093
501419
51101
390251
260613
120981
299251
212899
62683
207253
131181
51877
111539
290091
11835
366221
469901
51333
48811
122565
107477
191555
79587
372291
265979
497101
126755
74931
179051
381091
69019
318813
123205
91021
250773
48051
72469
175979
25643
350291
317499
26141
275523
51907
41765
353485
313251
162235
267835
200141
324261
93853
221427
62309
412507
371205
302237
63147
240845
152259
179853
365339
65659
190443
27933
434467
179093
105637
42213
259251
295859
17109
61155
6819
360901
65669
385365
23437
371493
10461
462059
154469
462755
334549
519709
144027
393365
86459
417629
332949
401459
357837
355123
71003
411235
67299
179611
193429
246669
494549
17341
55237
232371
143603
521869
330069
38429
418147
117525
75259
155387
414677
147677
40221
256675
434803
202139
173245
467763
429211
80517
145813
6307
491149
123675
211093
160035
445333
513381
142797
290091
423027
443571
362363
136995
313787
265899
271043
480179
28357
68957
314939
479355
485469
12347
15155
351013
472131
55011
128155
211651
199795
300181
416691
120749
28347
117525
167773
351643
516579
521787
463683
65779
392179
432805
246827
146597
481797
213949
288709
85867
211507
312619
164645
326813
285803
50717
348027
326699
167915
420685
324309
447837
64797
434843
335965
352699
112981
422109
215411
208101
179085
118429
300139
324261
384077
127795
90483
336741
37317
12045
301205
114397
197171
184211
42723
180387
35429
518123
324813
429291
482987
468549
489251
39707
402317
263003
54349
456187
389827
83163
410779
235613
429123
298859
180899
60373
340229
504291
236365
269205
333035
125341
104107
496229
427973
469827
280333
362595
17109
129981
146283
128461
430997
77085
506531
10917
383795
205605
57797
267379
172165
331109
287701
238011
521533
199757
406827
386701
180515
348501
117989
89869
220315
345595
456787
215261
44147
481429
82083
30435
284059
63005
208269
193613
179899
52045
277661
240805
482765
465339
104901
470819
86109
330533
212173
1173
355173
321195
459819
162581
483477
292189
220227
283541
65165
247867
414309
310813
417067
462869
89373
469901
43827
109757
256163
220507
270075
167693
15437
250211
235003
430533
372859
468429
14243
243307
210027
514725
48867
330435
107587
285925
131413
54117
99627
388829
179243
508611
310053
468147
490611
331939
392773
70003
447565
286853
4245
152619
214819
75293
238949
423061
225843
378021
101661
296141
176803
190109
64323
72549
477637
280235
207637
247195
479291
496435
318571
334733
163747
78045
492003
123685
384235
388507
67827
42333
215411
124869
306355
23619
18147
242795
124411
431685
314291
296811
109867
245307
381171
85675
201957
386659
263003
168883
14253
111501
143035
132275
48485
385315
115483
393571
473067
355123
228507
264099
67243
240179
474987
207331
499603
111963
176291
367573
59613
169339
271979
421181
5859
290693
252693
207573
207523
35333
373653
111731
453675
113949
241221
156467
59763
402843
297917
353203
210075
51363
56171
432933
413603
127429
497605
44795
470557
516467
245517
210027
131685
114125
422845
127811
352035
280133
48051
302763
449219
164749
272517
94357
203933
316595
283419
504533
430755
478605
391845
373803
412467
334165
297749
339301
301891
82725
110883
143005
502939
428011
272533
193651
126237
13819
439131
466781
500165
178235
130253
87581
339179
65779
457379
131917
518757
513131
6429
99789
514853
513955
492699
514773
198203
302157
389563
334045
435157
283301
381885
343357
126843
105579
334963
500915
390293
331451
485293
495133
72499
91301
263245
117077
85645
123675
150939
385117
36579
81979
239261
230757
334733
519851
77603
384875
454093
258027
236843
163549
13893
480573
96773
66627
155525
506227
263013
138525
195691
341341
183501
52403
39701
362645
99869
246827
289573
432187
234139
341181
359317
152923
310941
175675
78925
303347
439757
2211
237253
479715
296141
490381
146475
382955
398171
507461
18717
461021
216925
273253
145925
511053
236133
359491
284765
367965
212731
363341
297365
100011
267149
236395
70357
204005
302397
360819
437981
430885
150813
174533
347291
184469
254515
5419
311637
297749
149917
515261
66603
463765
470221
91485
196829
462235
193883
345155
286813
128581
236723
287045
197061
43917
477125
9997
95885
258171
377779
185187
269093
170691
119915
242893
207365
112157
518499
179021
197403
116587
346403
94549
268851
480091
9371
323341
42723
513173
105395
288685
355909
216925
179315
261187
65669
440099
510293
281835
46491
261467
352923
214947
163101
323101
377557
121627
335419
294763
511131
359317
241293
183613
93917
368995
160725
267469
350883
248613
267379
32709
342805
446725
103613
421043
212971
15467
523469
174021
433563
154581
289715
506019
137659
401165
350579
256517
303963
336435
118109
293205
471261
300771
453467
15437
501307
175389
126067
226603
111963
135261
291995
408397
805
238195
402749
33941
124445
523493
60349
71117
61883
478779
167581
258915
452757
32931
235499
336163
185139
19611
122539
129813
494699
402547
68907
317957
94357
467427
66603
144317
425421
147699
329115
91485
441139
194501
40125
326549
474035
332389
333603
22971
251533
291555
443213
483003
351013
376709
71971
43675
31005
461477
467925
471261
326733
395181
516763
181867
317099
445291
267149
80597
359653
131443
5299
283965
114595
126523
204357
508037
256483
498755
208747
64829
302763
428549
199565
56213
101171
320667
464803
272739
61731
64677
310427
282787
238293
411085
158371
510101
240597
165667
145387
74645
387861
451365
495595
39757
481339
455139
279267
509117
101581
128571
478989
129971
344419
495301
194931
363917
420517
43293
447259
76117
281715
65797
247003
414021
142413
338877
131747
436837
477701
283187
430533
174523
238797
387981
292701
273451
101531
87821
124053
368349
199845
339627
264981
351389
361789
60827
404587
241293
363819
488269
405445
136733
185277
473957
123029
408227
474893
445629
362083
461781
154829
390221
478101
108603
187677
417003
302883
52805
262021
133955
331939
242341
199565
176389
310053
364451
5299
106043
326733
192157
239099
442851
307867
297523
386347
53955
359653
358059
6429
154213
422797
190557
206699
387477
10019
455525
469811
288851
432917
332949
326075
491861
225523
202461
344923
152683
309925
121203
199965
981
56619
119629
212701
494699
141179
191555
390493
261531
205901
500779
104389
494797
410053
246899
19675
266091
337899
56781
101309
509435
231907
42845
191333
205171
28451
77381
244165
358059
434269
46397
228133
160611
300237
205595
31005
94341
179021
50341
41907
124251
263837
42445
372573
23667
172739
88939
319843
446139
36987
340885
430563
52509
172901
108765
225947
333917
274581
310037
491763
322909
387797
518757
274773
500779
355213
129083
288251
289211
213811
449429
303949
407181
123981
266693
158371
93251
85453
487133
26475
185563
120037
324309
55581
158885
445285
450539
129843
514389
149021
34837
92243
36069
24205
476893
189619
225723
413939
17869
431675
49765
226227
515933
214819
470131
433195
355179
460387
197443
451517
164757
302235
177659
48891
302427
212253
23717
57685
400149
418275
408371
40155
91251
196155
271549
243005
405795
477627
197333
193579
450709
264133
465853
38299
21581
300139
39283
309925
373939
7485
140637
412877
473429
67869
3533
353579
208803
91291
508571
262469
453413
258893
245981
286365
277733
480405
410547
478989
98747
224541
58483
398843
314475
308067
505707
336163
450683
396941
301219
477973
265787
109723
476045
232859
358157
33749
161309
97075
177219
59451
159403
390493
29803
10803
383197
431685
84061
204651
498611
128411
165211
312253
193579
266077
10219
126157
456187
385883
516579
256341
441661
250581
357147
485747
80157
486477
378797
426659
286981
103643
409147
454093
392347
282381
490317
91285
91755
208061
484467
124221
248163
513259
509035
250299
64691
297251
274747
236829
36923
249189
267469
373915
29581
216733
458659
254869
65659
49523
350885
411707
501419
520413
27605
63637
117925
131363
67067
241531
330819
122859
82547
205901
371523
504533
173597
167773
515483
106949
340949
466125
2723
376491
350771
336115
41755
364693
209763
510861
412453
110917
362717
92445
453709
396109
419397
117653
249117
236779
46379
273949
411035
165795
149051
228507
5437
325261
210125
389925
228285
496525
38971
152811
224363
246605
401851
56171
397573
287011
497501
473957
291523
128507
295267
187315
396749
297301
174493
288483
74685
193883
36411
279595
114539
23437
490795
51875
519397
418035
250469
135509
185885
242483
226115
375965
486565
319355
254691
16221
117837
495987
108765
214165
144603
523029
341171
267845
119915
382413
129843
22819
46309
113347
17915
131981
25243
392037
372061
415595
291269
354917
245981
93227
303963
165645
405987
59299
39253
181093
495173
228459
116365
182189
333765
226603
162739
189261
60635
104733
189093
480189
48909
40635
252813
508165
143069
405483
81579
311859
111317
454805
441301
292843
266979
184413
414787
367109
498483
66483
234843
138347
305997
316997
313797
109219
289573
287515
523469
198173
146283
326195
151907
410307
32931
136035
106125
151675
27803
336325
375923
32155
428867
390947
62699
342075
332907
288413
12579
353963
153749
330099
97165
261405
89669
426843
492621
74573
363819
113621
247645
393699
367845
258291
460283
109413
271565
72293
457795
359075
393779
232131
67869
454997
432805
207653
340061
60309
196387
269389
417643
339515
127957
181867
316059
441549
192187
304195
64397
478059
373605
76189
480491
211789
260821
61731
116293
23363
198739
521109
30661
111299
184197
244195
177835
349691
210331
131981
116515
495987
415651
176389
13773
55275
106413
162883
504909
273693
86459
76965
126181
233635
317731
214221
268965
187349
33221
81115
169613
180467
201883
24427
127651
237909
435123
265067
503083
250469
117021
164757
381411
154445
435011
387861
241309
290757
449893
267059
382067
408227
109747
403397
408259
187173
423019
90981
352477
28109
456261
67067
394923
139357
325483
275523
10693
212701
213973
439595
314483
144099
247787
320923
343739
232371
243469
160611
158515
521051
275803
479685
277733
340339
252067
210461
7949
85069
387947
242621
119963
343621
379443
294067
186461
429819
473893
157917
122539
420821
303253
435435
496989
220045
1131
43525
230083
106579
183595
286237
129309
504421
272443
15565
436565
412019
344981
463717
261853
242403
360427
153157
467803
422451
121677
176581
101595
382141
498483
347059
458397
45851
266077
228005
165181
9283
287629
181397
231133
167269
295747
253731
445029
390379
448363
320555
219619
400451
402587
257965
100331
154117
308339
134251
355909
99251
418517
219477
501819
65443
395347
330099
97485
9787
102643
249011
439645
300493
36005
276195
491861
195813
82211
418923
180373
480555
450885
400541
391973
285981
149947
191643
33475
432349
338765
405957
82483
261773
442851
181453
379557
400427
517197
483205
264709
408461
492955
305173
5053
380667
133213
151469
198715
435093
513173
467891
118443
381603
72469
314779
69875
13355
225635
495173
437453
261235
269883
410405
222749
62285
243861
20701
385083
115355
179389
373915
298269
43299
250581
2389
276851
150421
165445
141597
17243
353741
428739
437477
506813
316763
165083
512291
68403
62643
301731
226419
92677
16221
474267
204651
410557
79893
28347
396365
383069
341795
162405
477973
426067
347243
100293
501843
369123
174805
315371
376461
102853
98645
235371
162739
439485
306219
519485
314483
328811
160035
271155
301499
24819
281557
140971
310557
195883
508763
203269
452203
397979
90205
291685
363699
304277
287859
368077
269093
158515
369435
52291
192069
165603
32155
189789
489693
235037
480909
245307
246963
243653
44973
491259
187045
329165
122075
314475
212045
445205
270691
147235
65685
1179
350915
228509
396221
299333
376491
265067
237859
1435
375693
217827
473067
483491
223685
332877
437043
203587
122085
356835
321195
293845
301781
235003
321293
326075
240533
58203
184691
338597
258291
373939
340531
110499
123605
252579
9061
59243
269883
158835
371493
68813
313285
390379
400701
501923
235037
153885
213435
478387
429123
272013
250803
184197
44139
487133
272997
111459
205539
355179
127771
408115
295133
151701
173211
477525
70771
313861
130405
516013
25917
116643
445605
148557
146325
40517
271155
246851
334805
251613
343451
228005
265885
362555
292843
20821
465715
475589
463683
467427
521173
322859
272301
440763
24819
96773
345323
124123
417117
54117
319227
335501
443277
316237
232515
479795
523371
32747
166173
284451
27725
4245
495291
369445
431283
197981
226419
383429
364627
113893
34445
214699
417501
181453
174955
193251
291995
173355
360355
281917
244659
270395
46491
158653
236437
247325
304709
196267
246213
36005
366499
206171
297523
469699
233635
387131
408781
207829
202731
421667
333973
30803
207365
344547
207637
53005
56677
33981
187173
172989
384155
70771
430805
27469
156595
251619
45973
303717
111035
502435
506227
355557
80213
36573
471123
33941
67363
322725
3187
308181
521421
499259
261405
142555
235925
208635
288091
354867
490675
401733
201059
35763
416661
219427
413547
363365
417421
298667
102643
35259
329115
425117
424453
563
353213
259613
124949
299827
127197
335965
433259
10181
13355
517235
120981
310571
84757
207011
381797
385869
404645
113949
60067
429627
58179
340915
458085
262587
439067
64829
61523
104163
431787
356643
214165
133845
206043
174451
344187
275803
460093
335389
484419
120219
449651
494387
473029
62571
375301
309155
316595
220083
420083
22971
300267
264413
24427
413355
99371
84877
21093
136085
257485
271901
159483
475589
273563
426147
199965
201917
15659
270315
192221
40141
429133
519397
29043
140123
86883
213949
130829
513531
355173
431787
157675
240179
262587
319843
292411
154419
359075
163035
181205
174955
357723
239331
490317
479011
147781
248613
409517
382917
361587
159651
145259
136259
95885
343147
347677
5437
201549
365645
255211
180963
186811
360389
9627
27541
311005
315733
441045
320397
200251
238387
163133
451123
155797
83099
367973
268579
168019
44261
470083
170005
113621
485893
136875
123827
3371
195043
426843
146085
409507
456787
204579
297835
250299
475507
85773
207653
189789
17229
254821
238699
335517
481339
361587
187187
56891
269723
29507
27413
456867
2995
153885
98043
283491
59763
113893
322845
123003
338363
363109
463139
72909
404587
441155
269245
439757
341309
335531
152461
402939
85867
40635
64579
296285
220203
99173
176349
431283
315229
244813
293317
146085
202731
284189
163597
348965
508763
339405
271509
291541
473429
207069
515029
455835
30869
402547
432221
377507
185549
202811
219925
339515
515483
332259
437355
178461
371635
434843
167091
364987
246115
168675
350579
303021
363749
463139
380109
1605
372757
166693
292347
44349
506773
14899
289859
399701
38003
449693
80485
452549
4955
422259
424085
280285
183595
432973
60493
466075
172485
241421
155323
418133
125747
382955
366499
187045
481501
83
420821
210155
360597
294003
131989
183515
38429
375997
132395
249117
489915
257381
288251
451355
207723
52403
309923
484507
188707
99163
102139
190749
181325
396749
340925
75693
222525
122717
359965
414139
451691
427661
292923
72293
175675
240525
295731
315299
373827
146213
401629
329051
214699
523341
406571
432973
400701
325069
361621
195813
274515
449835
418133
492389
215061
92995
323435
490261
187187
43525
292643
466653
254869
308109
131811
305827
498853
342259
174523
126605
221797
169925
452155
287525
284189
336115
86997
250957
302147
3771
145259
62307
433331
455835
340531
150421
295267
375693
182613
438365
328499
297637
57797
102341
256371
104733
78915
202139
152781
504251
146213
522531
289475
201045
308147
523029
196525
167019
248653
372253
47829
264709
394389
520987
224573
188707
516763
224541
209765
489565
471765
205939
453051
240805
112619
39475
69853
226347
55147
296797
144733
336325
398683
430925
317499
330645
308301
69277
491763
203037
190093
437453
152461
34475
484763
247325
103357
477701
310117
188509
503659
339405
286981
125733
516539
400541
229499
423147
285981
283571
65373
279323
29043
152781
85725
260117
10461
45973
394389
76965
16043
183451
64397
35651
359995
64333
220203
53005
488797
164565
131685
110917
489915
357723
203995
513091
222525
319971
68147
333741
169925
148587
181755
319571
220083
344285
80853
498755
245909
61701
287011
394923
225259
407181
492749
263907
152219
127771
138355
468203
298269
300331
492467
154213
226197
380485
173597
351411
12741
11469
260931
392037
84843
62683
207523
74435
117645
223291
16043
483421
106413
117925
369203
509731
398683
305997
80325
443973
319859
307491
112619
375301
123605
209765
514197
297917
320555
319971
163101
330645
208653
176483
60339
251563
37659
509859
492749
314779
300267
184483
315451
261187
267075
72387
517235
474269
328485
405957
269389
457893
125995
224363
316763
351437
345741
80157
233323
372515
211507
482885
83355
27493
247133
233131
117611
170467
248653
381011
175461
33059
463757
79813
124411
6869
292421
53955
125733
179899
512845
23619
29235
350229
350291
60309
72859
389213
102853
70357
167693
404403
378091
34965
260437
248099
156387
293845
215859
504947
432349
355557
4955
180203
384541
282253
48235
467891
316059
505915
360093
39429
328525
313787
328499
85725
84843
151469
224475
214755
105125
191171
313251
233131
13773
116365
200251
433563
17293
282885
60349
90981
429859
156851
193885
233323
226197
458427
310557
296477
269611
395285
435435
105253
144573
144317
255131
228933
292251
445669
104107
240525
215859
37731
428979
299251
394197
361579
344923
311005
485893
563
202915
444267
79419
212045
190749
105125
357171
149445
467651
447531
127139
465339
442723
498845
451733
480573
450219
61347
59875
172485
272013
410557
60067
381011
383539
308005
258893
72859
86875
328819
450781
322845
451355
9627
67563
287979
253035
37589
343621
360157
523085
57285
211763
164211
280235
156595
245909
130829
307683
71163
59613
166693
510821
207765
242877
439643
107163
482005
283187
335133
435277
416883
155387
36411
484501
140869
55581
411707
326589
422501
298189
140331
46429
364461
360157
57685
255211
399117
100723
84877
473701
363685
441573
434269
144205
41877
109723
244955
462141
400451
331451
336021
396829
440661
479011
459853
150021
72747
17203
440341
370011
431675
90029
297251
56619
331333
365107
94947
484501
189619
308765
83163
148587
342075
124109
315021
177219
228197
311203
144701
449651
503355
310941
407109
371789
28915
450219
253085
125077
241373
396173
129813
45915
166869
203427
316309
281189
345595
209691
122035
501389
232515
43571
393477
43349
203037
9061
204579
198739
67563
439643
284765
265435
44237
153659
234139
487507
66637
65685
64323
353579
331333
503355
308765
77085
420757
468147
413987
440541
135147
114125
124109
338363
205939
84773
306875
27499
12045
332389
315229
340915
490795
210155
309923
416933
361243
495957
428549
13155
80741
277693
172989
103741
388053
15467
307683
354155
54925
256341
325069
215325
247131
384669
130619
522181
12995
17293
121677
464077
38299
413987
414787
355483
271467
89373
275533
488405
280133
341795
396173
483491
385883
452091
190443
432221
184691
430805
453061
187469
213075
215189
430021
162581
105253
321053
306355
384205
439645
208653
196267
209691
124053
483421
213605
470083
414139
162923
228509
255131
285915
98083
5309
64165
119523
315845
29235
113347
139555
105637
50291
39731
494549
2389
115355
38971
18803
118635
191077
409117
46941
92445
355483
165099
117683
504069
264435
407109
452091
16467
297877
385869
238941
344789
99789
429171
506731
246851
31973
348867
384077
126157
483003
84773
242117
454947
119987
470669
127331
234843
101661
22507
222101
381269
182755
181083
233565
219077
319245
64579
111035
498845
50291
523059
310733
281445
267045
294763
447531
177835
481501
341499
320923
101077
26333
149051
22507
465267
119579
426067
255557
486323
5269
303325
4941
410469
227043
344981
508165
10915
174869
126237
139555
299827
64165
523341
521173
451173
254909
103613
496755
265787
256163
377557
143211
357837
430563
89869
420757
438597
237909
15043
174021
341499
158885
172941
29875
487517
64293
258027
72499
104005
179853
158653
510821
378797
251563
75293
437477
172739
310733
5269
389787
12579
91547
74171
454573
470819
136845
302003
360901
264043
242923
457379
306395
257131
367573
167091
467299
127845
130253
178461
62307
496755
178235
302147
150813
22549
83291
457893
339021
396587
36957
58475
296443
436565
413939
369435
134877
51907
301891
210125
381269
64293
433693
353741
222779
358251
128581
387797
140331
363341
10915
427661
292643
252693
273563
417629
451173
273293
30661
212253
473963
37317
517197
86875
397875
392773
316309
454573
112157
374171
234339
115645
291523
509435
268965
154701
470221
215325
306395
287629
144205
214947
397979
336021
499933
228197
123205
58475
219477
134877
31973
470315
78915
126605
22549
78179
347179
446725
286477
428475
200763
214195
314939
259613
480491
464077
127811
164181
447837
175389
105357
144603
473963
467803
480603
470957
211651
154701
435093
16291
391539
456763
199269
127845
5053
111459
230907
101581
409309
336435
179781
28523
323363
29803
40115
377933
261077
108787
399701
429171
133955
168549
335419
273637
270075
16467
54427
197867
226085
488797
310571
227613
472131
71117
418275
236829
23205
160661
278869
18803
244531
214131
460579
104005
95381
146597
261853
286477
107477
246963
67605
211093
13819
29619
144027
154779
409245
84027
376995
63005
292251
33221
319859
340925
44349
300765
52805
97485
43813
204005
114595
509035
468651
54349
166869
342805
463757
46379
273693
143211
397875
48931
23205
511877
341309
260771
143035
201549
27493
67605
105357
362949
122963
498499
284059
409309
523371
244531
317957
20821
449693
47547
222043
14395
417067
95381
190179
296397
430885
103357
397069
263245
136845
74931
136733
130619
68813
273637
418661
335133
102755
13155
34965
29619
421725
345323
179781
74435
474069
387981
134251
453283
468651
512291
168549
88285
49523
521563
3533
316483
445333
230907
287963
364451
95437
398171
358341
295395
300181
103741
122963
164181
186811
3371
443163
62643
227613
376165
172941
385477
305235
59299
12309
310117
426133
17869
508861
446139
41907
245517
319227
247787
364835
488269
251533
326875
78045
347421
344933
324403
480603
416933
177659
343147
341107
39701
223573
35763
394197
91547
292189
260821
210461
509117
171973
268139
255557
476731
112661
497501
302237
95437
433821
340339
364835
495859
55237
106043
40115
418923
43813
65443
57907
377275
93251
474069
107235
173171
193219
352597
201499
304277
295395
451285
348077
62309
489251
27725
426133
165099
411035
129309
127835
185851
521563
41779
253035
238941
465267
362837
129971
326589
196829
337051
350771
15043
205605
119987
185229
477627
33435
90403
179611
312509
213973
197061
321053
445291
435405
471123
264133
44795
347421
262469
46861
238699
23333
208101
326813
155307
120043
58483
508861
192069
351411
233565
260771
384875
309619
365269
181171
204557
154779
498853
120315
25643
485397
133797
162923
254515
408781
90403
390827
473701
520413
141597
148557
266693
305301
261661
316483
487507
403397
133827
468549
60635
187677
341107
74941
355029
500915
337051
510869
131443
515301
250211
26333
435405
382523
383851
10803
470877
17755
235499
260613
127835
185885
52907
258915
16291
134211
7485
314829
23333
482885
267307
445029
410419
120043
416691
226189
406421
180515
131917
510627
458995
290363
217957
359709
432499
65797
202811
413547
362837
89387
515301
177891
339021
440099
114075
51363
428941
383851
47547
422109
120315
257965
11621
17755
281765
393699
192187
432917
449429
184029
300237
465741
165019
347179
74685
133827
308443
95581
266147
25139
61781
87915
89021
266611
455109
374171
112661
499653
404403
359709
53603
396403
224435
158179
433259
28229
451365
400195
70451
323341
437403
225501
353323
6485
309619
40165
184029
217813
323435
246899
425117
213939
264981
375973
477125
185493
521787
106579
199099
420083
154117
114075
256677
273203
33899
237661
345437
138525
134211
283803
14899
410307
269995
300771
228133
127429
408755
53811
87581
40141
351389
406421
78925
174451
494525
170691
28229
199909
391781
364627
355213
510293
505915
267307
433915
515805
79147
9723
396109
185493
246565
498765
486053
196387
199845
428011
417421
350651
381171
507549
437403
88157
371997
318571
74987
59243
458269
109867
449893
341341
3187
409147
436787
166173
118621
380109
271293
294587
458461
449765
61589
269995
480445
328811
391781
117605
459853
39979
408371
39133
486053
518123
97101
9723
17523
375973
210603
333765
193219
516013
265435
271901
266147
80243
350651
111155
453061
37731
371997
416619
199613
213939
299877
513805
349403
39893
502435
328525
303829
310037
136085
458461
139877
229637
123323
410053
340211
521421
282253
261005
388163
371205
474987
133179
212971
24917
383197
371523
348077
492003
291611
439131
181355
455859
275533
215717
460093
28109
34475
516003
291555
199525
77603
109157
279595
11469
315683
437363
13893
293739
430885
74987
292493
250773
154275
513323
91875
398259
106949
215189
296477
512845
491875
328549
426651
157717
379443
229459
241221
100869
68403
427973
271293
463987
2853
111299
365339
76117
375965
168795
93917
236843
401165
164211
70371
58715
513131
330563
452771
210331
29931
377779
220731
154829
510627
252971
454805
414021
201045
28451
333341
66627
410469
516003
142747
176187
478387
294003
208635
199099
91213
228459
235891
293739
185125
186611
136035
57907
36573
252611
83
80325
100869
513203
168795
510861
447643
384285
271565
117989
116451
371779
145387
247867
174757
182613
39893
303829
479715
2853
178027
143603
29931
123323
482973
404131
510869
212899
500165
390221
351437
77987
282061
162405
499491
292493
372395
502203
368349
390293
335013
75259
261005
185187
37955
328549
252611
44139
99251
384285
447259
173245
236365
383539
53099
461477
110963
98043
44973
272443
333341
312253
157717
123685
347093
437043
11835
351643
140637
390947
224435
54427
315683
459093
262387
15125
352699
312213
437547
164749
67299
39979
63147
312003
314291
84843
335013
211461
441549
226523
523421
223685
282061
481893
502203
484467
153971
279267
387989
505565
93853
45851
45925
352477
282717
270485
345949
58715
31677
410547
343739
373581
345629
312619
124869
61523
202773
510101
41251
428867
121923
478779
326195
288093
267059
101595
347093
365979
15125
242005
105789
72811
97165
481797
86883
412467
437901
89669
396573
320667
303347
91213
173739
291611
209755
521787
293739
381411
304307
342259
165211
163747
17627
376107
497605
240533
232131
426547
289211
153971
409517
41251
202467
365491
494525
49373
396699
220315
323323
70541
131235
211461
241813
394589
371779
480299
269517
60181
479685
497323
198173
191077
49947
203933
138125
45795
72811
162627
209755
152725
9293
408755
274875
264435
210573
108603
469811
233181
410405
235299
445093
352597
157675
43571
229459
312891
365723
52045
44685
394821
68907
105123
55147
56781
31637
64677
385117
120315
180467
398259
21219
45925
4451
17627
46123
369123
60181
274211
293773
449219
145749
357147
521149
242117
183091
258339
275605
120219
474269
496533
288483
194501
451931
357171
278691
448141
519749
437181
340581
93107
179243
507755
161309
96093
469827
422797
450821
312003
354979
455501
35333
390251
236699
135509
480555
105237
266979
286157
106739
394821
82373
233181
247003
523421
152691
437547
135493
238515
294053
115483
132275
275605
501053
43293
33725
445285
271821
144165
391845
17203
323805
373803
202773
59845
241581
208803
427691
109157
6819
496533
274581
345629
371059
100293
44701
93107
96773
240435
454997
243269
254691
126733
507613
203933
49947
491149
294053
2957
105237
480363
8453
455501
265371
271549
433723
388163
426547
337899
173467
216645
85069
241581
221
322765
420517
267483
135261
89021
332259
394283
301205
133179
304307
13205
322053
186611
112981
507613
111317
23667
203627
279267
519013
288093
209755
106125
103995
163133
191717
498611
164645
96819
396699
409259
165667
496845
357917
23363
17643
20317
364693
267221
349299
11421
61883
448141
523835
33725
382269
31637
502939
364301
81979
154445
243269
437981
465997
402843
5419
326507
256675
239901
124251
402325
335955
72909
311859
396573
205891
142555
16059
11421
119045
322053
334165
220045
247829
286365
54229
302883
271181
162661
12195
277427
480091
355093
266531
180373
192171
386701
130347
196155
473029
222749
191717
328923
419397
128205
379123
30043
87083
56213
443741
408861
437363
456091
382141
2211
371395
263013
148547
486477
199109
432645
238387
500579
225523
242837
139827
414309
475507
17301
405795
179379
274875
283581
430787
168019
449421
293205
315299
239557
23717
298525
264043
150293
208101
21581
253731
330533
239901
523563
151099
1677
81579
350883
445093
243149
179093
488627
225635
267845
87083
156877
408861
482149
247829
256517
