4.189768881273096546e-01
3.034363683013486246e-01
1.096468617593937822e-01
3.691724484240314630e-01
3.449954831158568713e-01
2.445045112585996216e-01
2.755978050813429614e-01
4.777303808658124318e-01
1.698963335031798139e-01
4.433406036114593829e-01
1.490367924623600127e-01
4.558092215277158021e-01
7.214340164766169794e-02
1.205406462291920694e-01
3.208834265093726268e-01
1.328215208132770275e-01
1.751550356548272902e-01
2.368105833700594742e-01
2.822713104062621325e-01
1.715546888350673593e-01
