0.618033988749895
0.274088654214875
0.131378078265361
0.77917111443231
0.31688894656835
0.296660515301921
0.646601538351048
0.581023729135199
0.570034399266318
0.409538035219895
0.422344785335957
0.225087649018774
0.412896408286481
0.168047009748456
0.87861493760845
0.303811213185834
0.194107622427344
0.320866874806658
0.0873297751795148
0.796326030085881
0.917164436227509
0.712804623173928
0.816441136582477
0.152366569284251
0.448879214940973
0.640652528083688
0.56681244314098
0.6980313504332
0.843616333445456
0.467903272396263
0.46453717441233
0.252898385066009
0.350889613010597
0.517678837459068
0.0745847082948747
0.787018716277665
0.731023526413648
0.52049807304679
0.163396496057324
0.0991436215559409
0.476947069722645
0.821004847164053
0.255701404866136
0.830433464833092
0.402679389442525
0.443204094046929
0.0568314779886587
0.0720794418310275
0.783226500317146
0.245313620600675
