    1         1
    2    433461
    3    472323
    4    440637
    5    231645
    6    275007
    7    113895
    8    331051
    9    283181
   10    384579
   11    288619
   12    306439
   13    309943
   14    452525
   15    319841
   16    217509
   17     84615
   18    111067
   19    374949
   20    315005
   21    369473
   22     95709
   23    155273
   24    215539
   25    486377
   26    107399
   27    203705
   28    168683
   29    154561
   30    254753
   31    148129
   32    117715
   33    455263
   34     64579
   35    450769
   36    169605
   37    135865
   38    239917
   39     62503
   40    381173
   41    417239
   42    354955
   43    389279
   44    457757
   45    224125
   46    137945
   47    140507
   48    402845
   49     50989
   50     42635
   51    399209
   52    455121
   53    487667
   54    474267
   55    372965
   56    429179
   57     81069
   58     30905
   59    509195
   60    160335
   61    323865
   62    153271
   63    236745
   64    270649
   65    465083
   66    317775
   67    247885
   68     99677
   69    437389
   70    211881
   71    289405
   72    215751
   73    517253
   74    240467
   75    492367
   76    512859
   77     37555
   78    427223
   79    202991
   80    329235
   81    257587
   82    508363
   83     99177
   84    164915
   85    302617
   86    216133
   87    487081
   88    242089
   89     51161
   90     76347
   91    456301
   92    198763
   93     32097
   94    495921
   95    205443
   96    144227
   97     73919
   98    468177
   99    222321
  100    126651
  101    257177
  102    507247
  103    185133
  104    358989
  105    246357
  106     40767
  107    515589
  108    269667
  109     76563
  110    365147
  111    451759
  112    194315
  113    118517
  114    373699
  115    148541
  116    343011
  117    456827
  118     71289
  119    277797
  120     48513
  121    197421
  122    362433
  123    195259
  124    207401
  125    170191
  126    338789
  127    482571
  128    266525
  129     69419
  130    241555
  131    416591
  132    360849
  133    295805
  134    152147
  135    346543
  136    316837
  137    210915
  138    469327
  139    487023
  140    319673
  141     89575
  142    360997
  143    331655
  144     44915
  145    476083
  146    422325
  147     34159
  148     52753
  149    205401
  150    276589
  151     93013
  152    124439
  153    496919
  154    119415
  155    511763
  156    294163
  157    444073
  158    235361
  159    402073
  160    139909
  161    143071
  162     59965
  163     85083
  164    129429
  165    317033
  166    170287
  167    148793
  168    405693
  169     96829
  170    469427
  171    470965
  172     88099
  173    320275
  174    331551
  175    175463
  176     17423
  177    446309
  178     72755
  179     46205
  180    332519
  181    500255
  182    162175
  183    487837
  184    133745
  185    436083
  186    219017
  187    158915
  188    361851
  189    247937
  190    411433
  191    303391
  192    272753
  193     53983
  194    151415
  195    403435
  196    481205
  197    514165
  198    321603
  199    396159
  200    267799
  201     50329
  202    347387
  203     46559
  204    117173
  205    424339
  206     41489
  207     35595
  208    140619
  209     11279
  210    344807
  211     94057
  212     68635
  213    490695
  214     43043
  215    354601
  216    168483
  217    279267
  218     66911
  219    427093
  220    253723
  221    191505
  222    434739
  223    103101
  224    124129
  225    224295
  226    390073
  227    518925
  228    491129
  229    157591
  230    206423
  231     90293
  232    324625
  233    100193
  234    282347
  235    257207
  236    141799
  237    135649
  238    462511
  239    170029
  240    513239
  241     66777
  242    488385
  243    412045
  244    219083
  245    489019
  246    487621
  247    347081
  248    437573
  249    322099
  250    307073
  251    222681
  252    358217
  253     84319
  254    361361
  255    269373
  256    147145
  257    203989
  258    126351
  259    435147
  260     29169
  261     61103
  262    311067
  263    408271
  264    462039
  265    195357
  266    190923
  267    186169
  268    148501
  269    467997
  270    372657
  271    155507
  272     64871
  273    125217
  274    316709
  275    370231
  276    243115
  277    286493
  278     92575
  279    213585
  280    316021
  281    313543
  282    480199
  283    106655
  284    271907
  285     16209
  286    413649
  287    185457
  288    162983
  289     14303
  290    259101
  291    121619
  292    389819
  293    134157
  294     48849
  295    382629
  296    170909
  297    306225
  298    395237
  299    210789
  300    127813
  301    125121
  302    390641
  303    428365
  304    310869
  305    438045
  306     26529
  307    343853
  308    255887
  309    461505
  310    241847
  311     33861
  312     12599
  313    164383
  314     87931
  315      9347
  316     24939
  317    485285
  318    183435
  319    102949
  320    200805
  321    415461
  322    153437
  323    452151
  324    445457
  325    289101
  326    248017
  327    221047
  328    464301
  329    485507
  330    481497
  331    430027
  332    115037
  333     54075
  334     91895
  335    345643
  336    253145
  337    218193
  338    300947
  339    383837
  340    513633
  341    225675
  342    167635
  343    304539
  344    437815
  345    473515
  346    354269
  347    245253
  348    291875
  349    313477
  350     57205
  351    123333
  352    500865
  353    268261
  354    484331
  355    429677
  356    373295
  357    291785
  358    243523
  359    249637
  360    482737
  361    509401
  362    294269
  363     56715
  364    248505
  365    177377
  366    395169
  367    409837
  368     34391
  369    469059
  370    300247
  371    134489
  372    164179
  373    235077
  374    510961
  375     25391
  376    208409
  377    296813
  378    258723
  379    177087
  380    325327
  381    371937
  382    294447
  383     50271
  384    278713
  385    345457
  386     30337
  387    364233
  388    479191
  389     66371
  390     81221
  391     34209
  392    484427
  393    399909
  394    238557
  395    480127
  396    380505
  397    292199
  398    313283
  399     88847
  400    490345
  401    419871
  402    387867
  403     62849
  404     31589
  405     91805
  406    154145
  407    297741
  408    370407
  409    234141
  410    366563
  411    405097
  412    208315
  413    294493
  414    519087
  415    394417
  416    411881
  417    429791
  418    125773
  419    291995
  420    166395
  421    461237
  422     43911
  423    281157
  424    469165
  425    391087
  426    382775
  427    437269
  428    362099
  429    423013
  430    206243
  431    286807
  432    311007
  433    404535
  434    410811
  435    400211
  436    175649
  437    128559
  438    124811
  439    346653
  440    373259
  441     49739
  442     94359
  443    377107
  444    373581
  445    170095
  446    246803
  447    418191
  448     83295
  449    140779
  450    117633
  451    282189
  452    372109
  453    486177
  454    177911
  455    441709
  456    192553
  457    305951
  458    162725
  459    483863
  460    479617
  461    499165
  462    126181
  463    265325
  464    396969
  465    512907
  466    373599
  467     18625
  468     66989
  469    108669
  470    112589
  471    122099
  472    504083
  473     71041
  474    406021
  475    385635
  476    276839
  477    217757
  478    439277
  479    362017
  480    345049
  481    234923
  482    397095
  483    336431
  484    443021
  485    391759
  486    346845
  487    469721
  488    453857
  489    448931
  490     59413
  491    233559
  492    514953
  493    320345
  494    281269
  495    108107
  496    333289
  497    514597
  498    266977
  499     99997
  500     50065
  501    318899
  502    404247
  503    461993
  504     60287
  505     42899
  506     29189
  507    189497
  508    416729
  509    377227
  510    465593
  511    501653
  512     72107
  513     18995
  514    460955
  515    403389
  516    230609
  517    394967
  518    136339
  519    297807
  520    282461
  521    421651
  522    361187
  523    199445
  524     80923
  525    105619
  526    206569
  527    355139
  528     36789
  529    238729
  530    100485
  531     98591
  532    325307
  533    173593
  534    303797
  535    185213
  536    515457
  537    509447
  538    328855
  539    214929
  540    214035
  541     94579
  542    248333
  543    492899
  544    460945
  545    369889
  546    278945
  547     94501
  548    170343
  549     15859
  550    368815
  551    108893
  552    217027
  553    398577
  554    187159
  555     70969
  556    123219
  557    287695
  558    249065
  559    364893
  560    237141
  561    403087
  562    478073
  563    280531
  564    222275
  565    211119
  566    197581
  567    302785
  568    473935
  569    129531
  570    173967
  571    340645
  572    516921
  573    245005
  574    370297
  575     73813
  576    374357
  577    255307
  578    404087
  579    187795
  580    111217
  581    147649
  582    353939
  583    442559
  584     77387
  585    230563
  586    258349
  587    403663
  588    138225
  589     25653
  590    256117
  591     69813
  592    167547
  593    438703
  594    495015
  595    334797
  596    396321
  597    297241
  598    457967
  599    418131
  600    331833
  601    176757
  602    356465
  603     24227
  604    283867
  605    430879
  606     39703
  607    458123
  608    405715
  609    282359
  610    372255
  611     50235
  612    264865
  613    399103
  614    138735
  615     86267
  616    175627
  617     24763
  618    352057
  619    287331
  620    221351
  621    381759
  622    476333
  623    347289
  624    239055
  625    504775
  626    305311
  627    253153
  628    401303
  629     20593
  630     62379
  631    303677
  632    202109
  633    480745
  634    126901
  635    100303
  636    187127
  637    236673
  638    141339
  639    454561
  640    290519
  641    247511
  642    165135
  643     94737
  644     85589
  645    313557
  646    272837
  647    322277
  648    513421
  649    172849
  650    430293
  651    155067
  652    172489
  653    456573
  654    313105
  655    224501
  656    422939
  657    207587
  658    502081
  659    436181
  660    365633
  661    116013
  662     52795
  663     26557
  664    213893
  665    206483
  666     37275
  667    430039
  668    158353
  669    285479
  670    291651
  671    346139
  672     64241
  673    427035
  674     72849
  675    508207
  676    511519
  677    504699
  678     78261
  679    230337
  680     53643
  681     98747
  682    430413
  683    416047
  684    164245
  685     84875
  686    156211
  687    178043
  688    141009
  689    276243
  690    346907
  691     42707
  692     24419
  693     16967
  694    151473
  695     79031
  696    235379
  697    148569
  698    513435
  699    146975
  700    293821
  701    195399
  702    188651
  703    320793
  704     71863
  705     27245
  706    281881
  707     49773
  708    516989
  709    154253
  710    289967
  711    499997
  712     39207
  713     81137
  714    235161
  715    479041
  716    517621
  717    214559
  718    164367
  719    334767
  720    431927
  721    106313
  722    510075
  723    304857
  724     62287
  725    394701
  726    308647
  727    255633
  728    437659
  729    298929
  730     91823
  731    189247
  732    247971
  733    211063
  734    303215
  735    328439
  736    318917
  737    158625
  738    447333
  739    124767
  740    517517
  741     46099
  742    254511
  743    294313
  744    187803
  745    473899
  746     11819
  747    506245
  748    192589
  749    368859
  750    350605
  751    415255
  752     39181
  753    411749
  754    177271
  755    233427
  756     16821
  757    355791
  758    407091
  759    312789
  760     95021
  761    370329
  762    351893
  763    505009
  764     19689
  765    464089
  766    482779
  767    116303
  768    374065
  769     74003
  770     99761
  771     51707
  772    104557
  773     17787
  774    430611
  775    330017
  776    444479
  777    298131
  778    435407
  779     88389
  780    176061
  781    135229
  782    221519
  783    340455
  784    378393
  785     65011
  786     57481
  787    482691
  788    223685
  789    115443
  790    502683
  791     49337
  792     25875
  793    334867
  794    178313
  795    483205
  796    175287
  797    322337
  798    244177
  799    291085
  800    490311
  801    364623
  802    517571
  803    153095
  804    120473
  805    180439
  806    115317
  807    370629
  808    517663
  809    118145
  810    277907
  811     46235
  812    390437
  813    156061
  814    332567
  815     24491
  816    252843
  817    153869
  818    379225
  819     30109
  820    156033
  821    267977
  822    303757
  823    407169
  824    436025
  825    379923
  826    338113
  827    351829
  828    382195
  829    483031
  830    406395
  831    241431
  832    468427
  833    514249
  834    243769
  835    404843
  836    268163
  837    379297
  838    243101
  839    162655
  840    405153
  841    501793
  842    427751
  843    317483
  844     96851
  845    487175
  846    151401
  847    145133
  848    329383
  849    400595
  850    211209
  851    133171
  852    494221
  853    362563
  854    477461
  855    162515
  856    210755
  857    480485
  858    300259
  859    198249
  860    381723
  861    117907
  862    187687
  863     71143
  864    459635
  865    341411
  866    439165
  867    344359
  868    347985
  869    362385
  870    176071
  871    173689
  872    504451
  873    230829
  874    396623
  875    419957
  876    485813
  877    312201
  878    500115
  879    165017
  880    206545
  881    357523
  882    253397
  883    318417
  884    416023
  885    371495
  886    297929
  887    264159
  888     67159
  889    120943
  890    306665
  891    188337
  892    164981
  893    347009
  894    205775
  895    223943
  896    111329
  897    290219
  898    138369
  899    455737
  900    110273
  901    194509
  902    415341
  903    470447
  904    417011
  905    421243
  906     35535
  907     17841
  908    463933
  909    180883
  910    331369
  911    364643
  912    504703
  913    239729
  914    197723
  915    138433
  916    290477
  917    201333
  918    460671
  919    509791
  920    317873
  921    345267
  922    397421
  923    206065
  924     54539
  925     71835
  926    225869
  927    505183
  928    192799
  929    484313
  930     84893
  931    118479
  932    240513
  933    401507
  934     24863
  935     18047
  936    519527
  937    470245
  938    100695
  939    194425
  940    414047
  941     33543
  942    394777
  943    331667
  944    512151
  945    154321
  946     96999
  947    104373
  948     38113
  949    377211
  950    463851
  951    184585
  952    500875
  953     15539
  954     27407
  955    268653
  956    336239
  957    294389
  958     70751
  959    482707
  960     66945
  961    106359
  962    341489
  963     58681
  964    465339
  965     41767
  966    199161
  967    493691
  968    355203
  969    341127
  970    417391
  971    484525
  972     86549
  973    252799
  974    110425
  975    445399
  976    386965
  977    513851
  978    335759
  979    422227
  980    456203
  981    250281
  982    321675
  983    299981
  984    118155
  985     57969
  986     96301
  987    117163
  988    272689
  989     86979
  990    460841
  991    204045
  992    109805
  993     49557
  994    379063
  995    514615
  996    438951
  997     18645
  998    394403
  999    456919
 1000    326795
 1001    250261
 1002    459479
 1003     46889
 1004     95415
 1005    145345
 1006    480867
 1007    166075
 1008    417933
 1009     89151
 1010    502677
 1011    508409
 1012     70755
 1013     66599
 1014    257447
 1015    100991
 1016    281541
 1017    295841
 1018    422201
 1019    115989
 1020    407313
 1021    425123
 1022     80879
 1023     19759
 1024     79309
 1025     93399
 1026    371821
 1027    324715
 1028    463839
 1029    211299
 1030    359531
 1031     94133
 1032    358481
 1033    423655
 1034    340519
 1035    267687
 1036     42969
 1037    191949
 1038    238493
 1039    425069
 1040    183835
 1041    247423
 1042     39225
 1043    419899
 1044     28407
 1045    145197
 1046    515807
 1047    402991
 1048    357163
 1049     25383
 1050    268713
 1051    375883
 1052    301617
 1053    503029
 1054    485349
 1055     60045
 1056    361791
 1057    125539
 1058     48941
 1059     69753
 1060    159979
 1061    401225
 1062    437985
 1063    282061
 1064    502499
 1065    371681
 1066    375217
 1067    489413
 1068    378591
 1069    162751
 1070    345321
 1071    254151
 1072    158663
 1073     95971
 1074    183677
 1075    249743
 1076    479327
 1077    264239
 1078    301659
 1079    321669
 1080    464621
 1081     57577
 1082    321509
 1083     87173
 1084     86497
 1085    145019
 1086    379123
 1087     85905
 1088    370635
 1089     83419
 1090    517599
 1091    166785
 1092    194491
 1093    182403
 1094    147591
 1095    165753
 1096    485537
 1097    177099
 1098    221093
 1099    174005
 1100     77093
 1101    278663
 1102    133471
 1103     27527
 1104    453213
 1105    119105
 1106    364155
 1107    198895
 1108    215203
 1109    421931
 1110    202861
 1111    231951
 1112    289321
 1113    110197
 1114    315897
 1115    229743
 1116    404361
 1117    417471
 1118     26861
 1119    503919
 1120    381599
 1121    312865
 1122    169447
 1123    306075
 1124    337525
 1125    176415
 1126     62797
 1127     99445
 1128    428501
 1129     63397
 1130    353419
 1131    394393
 1132    424005
 1133     41557
 1134    312025
 1135    146549
 1136    197179
 1137    388207
 1138    444833
 1139    259973
 1140    456513
 1141     88651
 1142    367565
 1143    477467
 1144    100473
 1145    300639
 1146     84367
 1147    274251
 1148    367269
 1149    449867
 1150    290281
 1151     74541
 1152    267371
 1153    166855
 1154    426959
 1155    204633
 1156    198319
 1157    308923
 1158    443275
 1159    267219
 1160    298589
 1161    481703
 1162    446549
 1163    336791
 1164    508297
 1165    430417
 1166    156655
 1167    285515
 1168    313627
 1169     68307
 1170    362321
 1171    410173
 1172     78463
 1173    259017
 1174    256295
 1175     78103
 1176    278921
 1177     33119
 1178    387205
 1179    468785
 1180    397651
 1181     37229
 1182    119321
 1183    390201
 1184    382321
 1185    395457
 1186    229655
 1187     82917
 1188    133999
 1189     94071
 1190    313245
 1191    105391
 1192    128301
 1193     30777
 1194    265711
 1195    317151
 1196    479339
 1197    259665
 1198    159193
 1199    294025
 1200    396187
 1201    136409
 1202    183915
 1203    335771
 1204    317135
 1205    127939
 1206    398613
 1207    516753
 1208    123877
 1209    282095
 1210    162215
 1211    451409
 1212     64451
 1213    313625
 1214    326197
 1215     36007
 1216    504363
 1217    362061
 1218    518317
 1219    278021
 1220     89413
 1221    485989
 1222     20863
 1223    181111
 1224    154031
 1225    476225
 1226    404279
 1227    426387
 1228    474563
 1229    317929
 1230    448879
 1231    412887
 1232    177023
 1233    278861
 1234    236689
 1235    129883
 1236    517163
 1237    270427
 1238    442705
 1239    470753
 1240    396939
 1241    113447
 1242     83331
 1243     50849
 1244     57567
 1245    246295
 1246    313733
 1247    176291
 1248    444167
 1249    320647
 1250    180915
 1251    287359
 1252    136381
 1253    100293
 1254    485065
 1255    506713
 1256     46801
 1257    462909
 1258     63089
 1259    165195
 1260     51325
 1261    455797
 1262     35207
 1263    366349
 1264    259607
 1265    420031
 1266     58205
 1267    210677
 1268    351911
 1269    403851
 1270    497623
 1271     48053
 1272    389955
 1273    258437
 1274     86615
 1275     34883
 1276     97931
 1277     17075
 1278    418973
 1279    512649
 1280    141867
 1281    373397
 1282    516589
 1283    333667
 1284     66333
 1285    323297
 1286    400151
 1287    270223
 1288     54245
 1289    337247
 1290    199951
 1291    327049
 1292    108165
 1293    502303
 1294    390471
 1295    484677
 1296     95171
 1297    258673
 1298    434929
 1299    479469
 1300    129631
 1301    217999
 1302    213621
 1303    318863
 1304    302869
 1305    266719
 1306    343821
 1307    267753
 1308    143883
 1309    486895
 1310     14831
 1311    402139
 1312    356721
 1313    314247
 1314    446037
 1315    201073
 1316     75253
 1317     44971
 1318    502495
 1319    519285
 1320    508497
 1321    465645
 1322     83463
 1323    371533
 1324    197701
 1325     16063
 1326    271029
 1327    426577
 1328    198169
 1329    302887
 1330    424477
 1331    374305
 1332    304883
 1333    453757
 1334    378101
 1335    373791
 1336    106975
 1337    229097
 1338    364877
 1339     33651
 1340    132631
 1341     79935
 1342    253033
 1343    146639
 1344     68661
 1345     97971
 1346    305463
 1347    510179
 1348    185641
 1349    126625
 1350    480693
 1351    474305
 1352    447351
 1353    358491
 1354    418877
 1355    345519
 1356    143413
 1357    213525
 1358    401231
 1359    473811
 1360    195141
 1361     50339
 1362    168779
 1363     50667
 1364    156497
 1365    268231
 1366     67021
 1367     85909
 1368    460853
 1369    411245
 1370    297417
 1371     66715
 1372    460833
 1373    459345
 1374    500509
 1375    505751
 1376    233645
 1377    265691
 1378    291067
 1379    128905
 1380     87715
 1381    112689
 1382    185809
 1383    327119
 1384     30325
 1385    228471
 1386    241773
 1387    137025
 1388    218003
 1389    125263
 1390    183205
 1391     19129
 1392    489035
 1393    284805
 1394    170113
 1395    414309
 1396    176297
 1397    139845
 1398    370641
 1399     55833
 1400    502757
 1401    427851
 1402    463461
 1403    316819
 1404    214511
 1405    119133
 1406    507485
 1407    118277
 1408     93103
 1409    316367
 1410    253767
 1411    357899
 1412    486693
 1413    259725
 1414     42441
 1415    459279
 1416    274319
 1417    155997
 1418    352479
 1419    171687
 1420    460123
 1421    190189
 1422    265459
 1423    229143
 1424    124969
 1425    173619
 1426     67247
 1427    413803
 1428    101269
 1429     42027
 1430     14285
 1431    104369
 1432    132117
 1433     51269
 1434    163165
 1435    185305
 1436    280141
 1437    136287
 1438    313299
 1439    172383
 1440     63587
 1441    155805
 1442    506429
 1443    405639
 1444    133591
 1445    306049
 1446      8941
 1447     55565
 1448     72585
 1449    116657
 1450    385409
 1451    365855
 1452    272119
 1453    274331
 1454    137085
 1455    212165
 1456    336001
 1457    269075
 1458    397577
 1459    247151
 1460    475961
 1461    112771
 1462    233639
 1463    135537
 1464     57513
 1465    259493
 1466     15567
 1467     39883
 1468    218153
 1469    497389
 1470     26117
 1471     39479
 1472    169703
 1473    409895
 1474    306975
 1475    515513
 1476    406423
 1477    475945
 1478    323835
 1479    226089
 1480    475815
 1481    344717
 1482    343669
 1483    239315
 1484    211951
 1485     95141
 1486    176279
 1487    435955
 1488    122363
 1489     71517
 1490    345183
 1491    409811
 1492    459829
 1493    106357
 1494    308503
 1495    311933
 1496    125293
 1497    385239
 1498    466545
 1499    473593
 1500    268943
 1501    464291
 1502    341545
 1503     24791
 1504    410715
 1505    268839
 1506    123253
 1507     27215
 1508    396199
 1509    134843
 1510    302243
 1511    198619
 1512     99727
 1513    301447
 1514    383343
 1515    413265
 1516    100185
 1517    429073
 1518    362891
 1519    407501
 1520    219567
 1521    518301
 1522     88859
 1523    340927
 1524     89687
 1525    383409
 1526    500497
 1527    116199
 1528     34183
 1529    503195
 1530    204867
 1531    416039
 1532    170871
 1533    221553
 1534    293655
 1535    218211
 1536    418449
 1537    101721
 1538     24369
 1539    105283
 1540    352387
 1541     43559
 1542    155195
 1543    342367
 1544    101877
 1545    151023
 1546    359291
 1547    326803
 1548    477275
 1549     23849
 1550    470813
 1551    405957
 1552    173861
 1553    196037
 1554     78485
 1555    250665
 1556    427427
 1557    502897
 1558    146673
 1559    505957
 1560    313449
 1561    250029
 1562    431583
 1563    299881
 1564     45107
 1565    112987
 1566     51661
 1567    477383
 1568    291569
 1569    337295
 1570    219997
 1571     32405
 1572    446279
 1573    243295
 1574    459527
 1575     86883
 1576    343159
 1577     77871
 1578    210553
 1579     93569
 1580    284259
 1581     92133
 1582    305657
 1583     20293
 1584     31819
 1585    356399
 1586     99925
 1587    148867
 1588    291141
 1589    192731
 1590    429285
 1591    125997
 1592    213453
 1593    160091
 1594    238677
 1595    310903
 1596    211683
 1597    385579
 1598    474543
 1599    224015
 1600    143223
 1601    488261
 1602    370643
 1603    162029
 1604    510083
 1605    224393
 1606    191587
 1607    504219
 1608    132271
 1609    259495
 1610    119291
 1611     16971
 1612     24409
 1613    217967
 1614    232143
 1615    250091
 1616    396261
 1617     89967
 1618     85235
 1619    347421
 1620    120035
 1621    232617
 1622    132751
 1623    255689
 1624    510835
 1625     71069
 1626    496241
 1627    399743
 1628    177901
 1629    119053
 1630    363021
 1631    443439
 1632    401683
 1633     10195
 1634     72077
 1635    501707
 1636    285403
 1637     84107
 1638    344475
 1639    439355
 1640     88377
 1641    435335
 1642     37829
 1643    448395
 1644    354423
 1645    105051
 1646    227227
 1647    177259
 1648    146631
 1649    154305
 1650    385681
 1651     71331
 1652    273839
 1653    296923
 1654    354135
 1655    134511
 1656    477627
 1657    391343
 1658    115663
 1659    426521
 1660    280709
 1661    337719
 1662    179581
 1663    175221
 1664    183241
 1665    245159
 1666    482075
 1667     97599
 1668    339741
 1669     27621
 1670    172629
 1671    158599
 1672     27041
 1673    107149
 1674    213515
 1675     25373
 1676    359819
 1677    238905
 1678    516381
 1679    376693
 1680    451979
 1681    417637
 1682     28073
 1683    301669
 1684    346739
 1685    486931
 1686    511825
 1687    450449
 1688     24049
 1689    371309
 1690    140917
 1691    436281
 1692    226431
 1693    512505
 1694    374819
 1695     74283
 1696    480187
 1697    287379
 1698    279717
 1699    462547
 1700    226761
 1701    280549
 1702    363705
 1703     40649
 1704    218319
 1705     44093
 1706     92449
 1707    425241
 1708     93317
 1709     90271
 1710    152431
 1711    379293
 1712    399811
 1713     85131
 1714    120913
 1715    232633
 1716    150679
 1717    206151
 1718    427597
 1719    353853
 1720     28191
 1721    444607
 1722    284487
 1723      7779
 1724     79179
 1725    437081
 1726    164831
 1727    141875
 1728    324589
 1729    217201
 1730    102211
 1731    289917
 1732    520789
 1733     96063
 1734    221729
 1735    303205
 1736    184529
 1737    309349
 1738    459559
 1739    477375
 1740    229741
 1741    279715
 1742     97935
 1743    305209
 1744     59231
 1745    386225
 1746     30673
 1747    453833
 1748    252987
 1749     42115
 1750    311451
 1751     70813
 1752     85731
 1753    468599
 1754    107155
 1755    175807
 1756    390835
 1757    112297
 1758     54569
 1759    227377
 1760     34123
 1761    165789
 1762    120535
 1763    129125
 1764    334353
 1765      8513
 1766    348255
 1767     66235
 1768    377585
 1769    244169
 1770    167797
 1771     57561
 1772    426951
 1773    510341
 1774    323967
 1775    371869
 1776    396461
 1777     96819
 1778    120771
 1779    259711
 1780    374697
 1781    485207
 1782    437971
 1783    241259
 1784    122227
 1785    400593
 1786    514583
 1787    460669
 1788    515093
 1789    160651
 1790    193481
 1791     90273
 1792     58821
 1793     67377
 1794    197361
 1795    150709
 1796    265743
 1797    156857
 1798    373989
 1799    335959
 1800    435373
 1801    500877
 1802    324517
 1803    279053
 1804    447689
 1805    269083
 1806    208723
 1807    240141
 1808    229005
 1809    290007
 1810    462437
 1811    158031
 1812    343115
 1813    255075
 1814      7765
 1815     13149
 1816    148757
 1817    493693
 1818    521105
 1819    130031
 1820     42125
 1821    133589
 1822    153713
 1823    317129
 1824    314847
 1825    511243
 1826    342051
 1827     18009
 1828     27997
 1829    149573
 1830     87637
 1831    274479
 1832    291155
 1833    169389
 1834    248037
 1835     52609
 1836    362577
 1837    456585
 1838     23579
 1839    407711
 1840    378823
 1841     81467
 1842     61089
 1843    265833
 1844    221795
 1845    494121
 1846    351157
 1847    245949
 1848    170417
 1849    371993
 1850    368985
 1851    422725
 1852    485215
 1853    270699
 1854    436113
 1855    344765
 1856    486259
 1857     92359
 1858    408995
 1859    208687
 1860     56997
 1861    208471
 1862    250655
 1863    469153
 1864    117913
 1865     60593
 1866    137641
 1867    379873
 1868    496145
 1869    156887
 1870    426903
 1871    516011
 1872     79277
 1873    409311
 1874    205493
 1875    270957
 1876    257697
 1877    232559
 1878    390059
 1879     12693
 1880    355561
 1881     21433
 1882    515147
 1883     92647
 1884    470067
 1885    362315
 1886    396443
 1887    267501
 1888    284135
 1889    300073
 1890    324181
 1891    125359
 1892    456953
 1893      9809
 1894    316249
 1895    299065
 1896    354783
 1897    147961
 1898     95917
 1899    199513
 1900    224897
 1901    396893
 1902    373819
 1903    113455
 1904    169021
 1905    258713
 1906    124505
 1907    351445
 1908     67193
 1909    443983
 1910    516771
 1911    416149
 1912    174053
 1913     40045
 1914    364653
 1915    137081
 1916     49845
 1917     87603
 1918    259507
 1919    324227
 1920    513325
 1921    365281
 1922    186715
 1923    438171
 1924    273039
 1925    273521
 1926    134079
 1927     23877
 1928    296307
 1929    371691
 1930    289989
 1931    163473
 1932    357213
 1933    216219
 1934    274483
 1935     98071
 1936    519393
 1937    407525
 1938    480101
 1939    282339
 1940    480441
 1941    116181
 1942    341405
 1943    346449
 1944    281465
 1945    403061
 1946    219215
 1947    324827
 1948    248535
 1949    383947
 1950     14377
 1951    448201
 1952    201511
 1953    176417
 1954     82555
 1955    207243
 1956    310299
 1957    407691
 1958    488909
 1959    234623
 1960    296097
 1961    401907
 1962    345583
 1963    309079
 1964    379535
 1965    208009
 1966    111147
 1967     91409
 1968    395065
 1969     88495
 1970     50835
 1971    435317
 1972     99881
 1973    408209
 1974    488775
 1975     21435
 1976    223769
 1977    206445
 1978     39799
 1979     34975
 1980    316123
 1981    395399
 1982    174159
 1983    464335
 1984    429235
 1985     26257
 1986    414819
 1987     88553
 1988    333931
 1989    291095
 1990    369803
 1991    271295
 1992    179013
 1993    154451
 1994    253811
 1995    225045
 1996    266103
 1997     37755
 1998    337951
 1999     17989
 2000     49313
 2001    506275
 2002    110493
 2003    208531
 2004    394395
 2005    194959
 2006     82231
 2007    485079
 2008    400985
 2009    285615
 2010    231295
 2011    192559
 2012    435593
 2013    398277
 2014    232401
 2015    430137
 2016     60703
 2017    325001
 2018    422589
 2019    115081
 2020    365811
 2021    401627
 2022    496153
 2023    244771
 2024    209977
 2025    249531
 2026     52717
 2027    423283
 2028     73943
 2029    107661
 2030    492493
 2031    352661
 2032    358677
 2033    201917
 2034    422661
 2035    307943
 2036    206819
 2037    110727
 2038    280819
 2039     48727
 2040    399481
 2041    333451
 2042    215965
 2043     27467
 2044    426943
 2045    310325
 2046    191017
 2047    475827
 2048     86201
 2049    335415
 2050     83121
 2051    494837
 2052    163555
 2053    155753
 2054    143209
 2055    369609
 2056     26699
 2057    363675
 2058    442193
 2059    205317
 2060    290541
 2061    281967
 2062     47697
 2063     75373
 2064    429555
 2065    281505
 2066    491173
 2067    134113
 2068    126507
 2069    285555
 2070    336731
 2071    289585
 2072    402333
 2073     39079
 2074    269351
 2075    478631
 2076    116981
 2077    332497
 2078    201255
 2079    500887
 2080    388935
 2081    246131
 2082    333789
 2083    243435
 2084    182137
 2085    323263
 2086    447985
 2087    510645
 2088    342253
 2089    218599
 2090    154165
 2091    280097
 2092    116149
 2093     58333
 2094     38669
 2095    412583
 2096    311647
 2097    190493
 2098    162261
 2099    143897
 2100    123463
 2101    132319
 2102    482019
 2103     48937
 2104     78907
 2105    482835
 2106    330181
 2107     30599
 2108    294475
 2109    344895
 2110     31105
 2111    476533
 2112     92561
 2113    160797
 2114    243313
 2115    156309
 2116    276267
 2117    246601
 2118    358343
 2119    238113
 2120     13331
 2121    489629
 2122    339307
 2123    424065
 2124    164959
 2125    237863
 2126    401297
 2127    126043
 2128    511041
 2129    450895
 2130     74977
 2131    150953
 2132    338033
 2133    203421
 2134     62707
 2135    492053
 2136     53595
 2137    222731
 2138    195509
 2139    173873
 2140    177647
 2141    344481
 2142     37843
 2143    168785
 2144    242339
 2145    444455
 2146    489573
 2147    375781
 2148     28563
 2149    197691
 2150    439233
 2151    210517
 2152    222259
 2153    486897
 2154    485997
 2155    516639
 2156    490077
 2157    231289
 2158    144135
 2159    438065
 2160    146243
 2161    450265
 2162    515909
 2163    404953
 2164    392025
 2165    473971
 2166    167685
 2167    155481
 2168    345507
 2169    333859
 2170    197213
 2171    251427
 2172    447891
 2173    144109
 2174    461531
 2175    100915
 2176    242669
 2177    172381
 2178    185563
 2179    277223
 2180    325739
 2181    134053
 2182    328613
 2183    292123
 2184    123079
 2185     59669
 2186    266871
 2187    517205
 2188    476387
 2189    390959
 2190    197865
 2191    120297
 2192    397789
 2193    238661
 2194    190099
 2195    238487
 2196    138283
 2197    446213
 2198    207241
 2199    103179
 2200    326029
 2201    414347
 2202    351777
 2203    296753
 2204    506785
 2205     84311
 2206    120095
 2207    451955
 2208    315195
 2209    184917
 2210    133243
 2211    408115
 2212     56749
 2213    354187
 2214    297297
 2215    510229
 2216    214203
 2217    513307
 2218    165093
 2219    483199
 2220    486583
 2221    122673
 2222    414887
 2223     51241
 2224    328307
 2225    512601
 2226    212697
 2227    424201
 2228    425279
 2229    453425
 2230    100285
 2231     88871
 2232    145369
 2233    378759
 2234    231001
 2235     23015
 2236    187059
 2237    189759
 2238    456103
 2239    221271
 2240     44957
 2241    224629
 2242    144875
 2243    191917
 2244    146733
 2245    355693
 2246    311641
 2247    488183
 2248    292363
 2249    499259
 2250    223201
 2251     50059
 2252    281731
 2253    449997
 2254    470739
 2255    389599
 2256    299857
 2257    389681
 2258     41619
 2259    113083
 2260    284111
 2261    173197
 2262    176973
 2263     99565
 2264    264111
 2265    254063
 2266    398175
 2267    383365
 2268     19237
 2269    100879
 2270    133717
 2271    283627
 2272    248697
 2273    212803
 2274     21229
 2275    385881
 2276    391047
 2277    104421
 2278    499791
 2279    140769
 2280     60171
 2281    237873
 2282     81731
 2283    244059
 2284    489061
 2285    194949
 2286    467055
 2287    190997
 2288    424285
 2289    403349
 2290     61859
 2291    109761
 2292    213327
 2293     49753
 2294    401499
 2295    289221
 2296    459757
 2297    106989
 2298    477325
 2299     24945
 2300    509299
 2301     88515
 2302     89483
 2303    129701
 2304    102557
 2305    365749
 2306     86377
 2307     25437
 2308    485921
 2309    506313
 2310    482757
 2311     45659
 2312    173455
 2313     63321
 2314    423191
 2315    366359
 2316    410681
 2317    141521
 2318     97333
 2319    206681
 2320     89677
 2321     74969
 2322    332831
 2323    129505
 2324     82549
 2325    154005
 2326    120093
 2327    271151
 2328     94425
 2329    206137
 2330     18385
 2331    408301
 2332    378531
 2333    486633
 2334    373243
 2335     18315
 2336    473435
 2337    211949
 2338    467247
 2339     96315
 2340    270831
 2341    318905
 2342    126325
 2343    298869
 2344    250083
 2345     86597
 2346    416725
 2347    109403
 2348    149107
 2349    172275
 2350    137639
 2351    215447
 2352    301895
 2353    511341
 2354    346059
 2355     81383
 2356    475379
 2357    397563
 2358     20601
 2359    105291
 2360    397235
 2361     82083
 2362    403917
 2363    421061
 2364    186905
 2365    163491
 2366    390493
 2367     61129
 2368    274707
 2369    264575
 2370    376189
 2371     46625
 2372     73561
 2373     80297
 2374     13893
 2375    160715
 2376    436271
 2377    200047
 2378    455961
 2379    447523
 2380    437353
 2381    444345
 2382    394099
 2383    158067
 2384    156527
 2385    359215
 2386    202475
 2387    205893
 2388    507583
 2389    362219
 2390    296885
 2391     48081
 2392    254187
 2393    103027
 2394    515107
 2395     66455
 2396     69585
 2397    178703
 2398    421715
 2399    118041
 2400    188229
 2401    337853
 2402     43853
 2403     34877
 2404     54869
 2405    506695
 2406    508317
 2407    407363
 2408    176739
 2409    401221
 2410    196189
 2411    446969
 2412    234209
 2413    319199
 2414     86885
 2415    430167
 2416    410289
 2417     33507
 2418    177769
 2419     95017
 2420    301747
 2421    240243
 2422    248747
 2423    324411
 2424    193357
 2425    145971
 2426    480437
 2427    201343
 2428     78427
 2429    402589
 2430    120879
 2431    443057
 2432    160815
 2433    232349
 2434    247631
 2435    458229
 2436     85917
 2437    428619
 2438    210047
 2439    380307
 2440    390311
 2441    468459
 2442    168237
 2443    316131
 2444      9837
 2445    240527
 2446    260197
 2447    271291
 2448    517371
 2449    390279
 2450    210711
 2451    195601
 2452     69675
 2453    254843
 2454     15553
 2455     68049
 2456    138485
 2457    140423
 2458     48245
 2459    218007
 2460    300645
 2461    256537
 2462    351635
 2463    369097
 2464    445287
 2465    260549
 2466    116063
 2467    226487
 2468     19367
 2469    400221
 2470    149571
 2471    356677
 2472    353181
 2473    309379
 2474    260531
 2475    218577
 2476    477495
 2477    187345
 2478    252689
 2479    467263
 2480    320689
 2481    422739
 2482     11221
 2483    137581
 2484    434305
 2485     62281
 2486    156269
 2487     51039
 2488     41037
 2489    146215
 2490    312461
 2491    461961
 2492    406711
 2493     48029
 2494    170939
 2495    378299
 2496    188261
 2497     58723
 2498    418329
 2499     72915
 2500     64923
 2501     79329
 2502     44337
 2503    505049
 2504    128961
 2505    255499
 2506    336953
 2507    506841
 2508     86755
 2509    106907
 2510    271979
 2511    237115
 2512    353839
 2513    351005
 2514    255929
 2515    458091
 2516    307843
 2517    126851
 2518    345273
 2519     47971
 2520    519463
 2521    430511
 2522    499867
 2523    457175
 2524    455079
 2525    246851
 2526    407955
 2527    211007
 2528    424031
 2529    396669
 2530    178375
 2531     60845
 2532    431585
 2533    401729
 2534    126565
 2535    195753
 2536    396923
 2537     60847
 2538    364015
 2539    339891
 2540    194993
 2541    404805
 2542    142305
 2543    334789
 2544     36819
 2545     34189
 2546    301995
 2547    232635
 2548    371301
 2549    104549
 2550    153551
 2551    406757
 2552    453011
 2553    488337
 2554     57163
 2555     64357
 2556    281963
 2557    167811
 2558    108431
 2559    340589
 2560    391593
 2561    100507
 2562    113063
 2563    482993
 2564    218891
 2565    439757
 2566    153679
 2567     81759
 2568    126119
 2569    427283
 2570    138275
 2571     23233
 2572    220849
 2573    317467
 2574     82563
 2575    508491
 2576    415819
 2577    276137
 2578    120289
 2579    378293
 2580    136551
 2581    101267
 2582    495695
 2583    416617
 2584    119743
 2585    135799
 2586    129925
 2587    234001
 2588     93825
 2589     15479
 2590    467727
 2591    168023
 2592     74139
 2593    120901
 2594    484509
 2595    467899
 2596     58341
 2597    310949
 2598    359257
 2599    426335
 2600    297705
 2601    270941
 2602    158007
 2603     72971
 2604    112479
 2605    450143
 2606    488851
 2607    473189
 2608    212399
 2609    238799
 2610    182807
 2611    374629
 2612    129861
 2613    413781
 2614    470133
 2615    502085
 2616    277553
 2617    135717
 2618     53037
 2619    483243
 2620    359991
 2621     11039
 2622    265333
 2623    473041
 2624     93679
 2625    307803
 2626    401121
 2627     95093
 2628    305199
 2629    133087
 2630    339105
 2631    142153
 2632    411511
 2633    223193
 2634    337815
 2635     67525
 2636     95175
 2637    480891
 2638     10979
 2639    475299
 2640     13139
 2641     13871
 2642    377021
 2643    212431
 2644    185587
 2645    297245
 2646    494309
 2647    428911
 2648    100071
 2649    128369
 2650     36725
 2651    351851
 2652    462787
 2653    442847
 2654    465487
 2655    111943
 2656    497233
 2657    193419
 2658    298249
 2659    211023
 2660    328867
 2661    521301
 2662    360751
 2663    421351
 2664    505413
 2665     40873
 2666    442035
 2667    182161
 2668    308779
 2669     64783
 2670    497985
 2671     32351
 2672    441677
 2673     42141
 2674    175505
 2675     24003
 2676    222365
 2677    441279
 2678    165949
 2679    269437
 2680    106923
 2681     63359
 2682    428423
 2683    365747
 2684    378529
 2685    101073
 2686    145495
 2687    361639
 2688    406821
 2689    420505
 2690    461253
 2691    221407
 2692    346959
 2693    107493
 2694    265679
 2695    382925
 2696    107639
 2697     29993
 2698    227485
 2699    193929
 2700    207057
 2701    381899
 2702     46537
 2703    328137
 2704    351473
 2705    211309
 2706    465739
 2707    287825
 2708    191705
 2709    361417
 2710    244785
 2711    431285
 2712     29333
 2713    392355
 2714    361753
 2715    120941
 2716    273895
 2717    343903
 2718     13539
 2719    347673
 2720    415853
 2721    266747
 2722    412889
 2723    246111
 2724    343685
 2725     66651
 2726    107281
 2727    475471
 2728    350267
 2729     83109
 2730    372693
 2731     72537
 2732    305925
 2733    145609
 2734    417697
 2735     23981
 2736    146205
 2737    146845
 2738     24281
 2739    428233
 2740     25807
 2741    489281
 2742    469031
 2743    452973
 2744     90211
 2745    512047
 2746     93805
 2747    388757
 2748    153039
 2749     86643
 2750    355677
 2751     58601
 2752    183325
 2753     98721
 2754    470773
 2755    359039
 2756    149645
 2757    450043
 2758    202155
 2759    252391
 2760    204143
 2761     42519
 2762    309343
 2763    445331
 2764    388569
 2765    390537
 2766    185777
 2767    242363
 2768    256959
 2769     97327
 2770    289651
 2771    358561
 2772    443993
 2773    270569
 2774    496095
 2775      7955
 2776     27459
 2777    141773
 2778    340219
 2779    204929
 2780    475695
 2781     99271
 2782    303563
 2783    478751
 2784     96227
 2785    138457
 2786    405843
 2787    384895
 2788    318297
 2789     18257
 2790    100319
 2791    487189
 2792    441163
 2793     63279
 2794     16159
 2795    265039
 2796     63753
 2797    400037
 2798    226629
 2799    323471
 2800    190335
 2801    513703
 2802    376643
 2803     28547
 2804    345013
 2805    330771
 2806     96653
 2807     56191
 2808    388441
 2809    369211
 2810     91535
 2811    499363
 2812    152325
 2813    458153
 2814    194785
 2815    306603
 2816    248777
 2817    505579
 2818    269923
 2819    452741
 2820    234227
 2821    483733
 2822    438003
 2823    315989
 2824     17373
 2825    505437
 2826    400323
 2827    319185
 2828    187141
 2829    297899
 2830     29325
 2831    183175
 2832     32037
 2833    109149
 2834     31953
 2835    125553
 2836    256903
 2837    422541
 2838    213387
 2839    365383
 2840    494863
 2841    473265
 2842    374419
 2843    391879
 2844    515929
 2845    409973
 2846    436729
 2847    301663
 2848    250819
 2849    380853
 2850    441779
 2851     64359
 2852    211511
 2853    170333
 2854     40801
 2855    329621
 2856    497593
 2857    414741
 2858     38315
 2859    461397
 2860    463833
 2861    476019
 2862    238227
 2863    297127
 2864    213693
 2865    260445
 2866    270099
 2867    363855
 2868    254169
 2869     94615
 2870    374709
 2871    128597
 2872    263711
 2873    504923
 2874    513269
 2875    100647
 2876     77345
 2877    375335
 2878    436129
 2879    444683
 2880    399785
 2881    373253
 2882    188583
 2883    182661
 2884    321261
 2885    492209
 2886    138691
 2887    118851
 2888    370801
 2889    283871
 2890    375761
 2891    108219
 2892    381791
 2893    521061
 2894    100699
 2895    394279
 2896    416331
 2897    423195
 2898    392333
 2899     82503
 2900    493133
 2901    286319
 2902    214885
 2903     75085
 2904    126007
 2905    373435
 2906    454699
 2907    194095
 2908    374725
 2909    359533
 2910    488751
 2911    510297
 2912    357837
 2913    510141
 2914    489591
 2915     33807
 2916    387977
 2917    265867
 2918    382915
 2919    468711
 2920    509771
 2921    321593
 2922      8725
 2923    230081
 2924    463971
 2925    164527
 2926    202821
 2927    449243
 2928    286147
 2929    251107
 2930    335713
 2931    245335
 2932    323447
 2933     99899
 2934    153005
 2935     56363
 2936    290999
 2937    156193
 2938    164267
 2939    258175
 2940    182643
 2941     13031
 2942     73361
 2943    456013
 2944    500821
 2945    214977
 2946    510303
 2947     82195
 2948    336167
 2949    333041
 2950    323319
 2951    135907
 2952     87081
 2953    461265
 2954    170827
 2955     52519
 2956    408207
 2957     92059
 2958    179641
 2959    228933
 2960    221449
 2961     30681
 2962    461353
 2963    356169
 2964    141443
 2965    385915
 2966    432695
 2967    351731
 2968    229803
 2969    239815
 2970    270205
 2971    416833
 2972    223119
 2973    464427
 2974     57265
 2975    486615
 2976    425297
 2977     25657
 2978     18615
 2979    140049
 2980    420129
 2981    378463
 2982    438187
 2983    479057
 2984    356569
 2985    206803
 2986    400649
 2987    512581
 2988    212233
 2989    201973
 2990    178821
 2991     10193
 2992    396751
 2993    411689
 2994    218893
 2995    161647
 2996     32479
 2997    200657
 2998    163259
 2999    188909
 3000    235815
 3001    468603
 3002    185711
 3003    435439
 3004     96911
 3005    379475
 3006    293557
 3007     85487
 3008    289949
 3009    103079
 3010    461657
 3011    312965
 3012    411535
 3013     59479
 3014     45341
 3015    471447
 3016    470241
 3017     20731
 3018    368203
 3019    488799
 3020    390767
 3021    401901
 3022    240203
 3023     67359
 3024    342371
 3025    388151
 3026    394787
 3027    223875
 3028    309743
 3029    243759
 3030    412615
 3031    287377
 3032     79261
 3033    189575
 3034    377839
 3035    148371
 3036    236505
 3037    504407
 3038    216565
 3039    304945
 3040    101347
 3041     32483
 3042     26123
 3043    246515
 3044    469647
 3045    379157
 3046    328757
 3047    470183
 3048     85499
 3049    457409
 3050    317327
 3051     45793
 3052    460163
 3053    195417
 3054    238987
 3055    461707
 3056    285521
 3057    465375
 3058    297633
 3059     56385
 3060    292495
 3061    337483
 3062    304699
 3063    226917
 3064    117625
 3065    378411
 3066    313055
 3067     30761
 3068    480707
 3069    293457
 3070    230349
 3071    107079
 3072    155749
 3073    344455
 3074    290263
 3075    234071
 3076     10883
 3077    504953
 3078    501357
 3079     43293
 3080    423523
 3081    328537
 3082    236483
 3083    166171
 3084     38377
 3085     55643
 3086    519281
 3087     40523
 3088    310891
 3089     54807
 3090    450257
 3091    148641
 3092    394659
 3093     50393
 3094    383571
 3095    427871
 3096    394141
 3097    421721
 3098     23239
 3099    176937
 3100     13165
 3101     44269
 3102    227427
 3103    439141
 3104     13875
 3105    170259
 3106    410205
 3107    116255
 3108     28187
 3109    206685
 3110    240255
 3111    112111
 3112    148361
 3113    126139
 3114    292807
 3115    333175
 3116    452079
 3117      8537
 3118    107979
 3119    185177
 3120    460521
 3121    391313
 3122    121301
 3123     91615
 3124    148751
 3125    199575
 3126     26329
 3127    365039
 3128    127227
 3129    359197
 3130    363689
 3131    103439
 3132    116143
 3133    509529
 3134    486799
 3135    171933
 3136    457269
 3137    300819
 3138    383871
 3139    263795
 3140    371411
 3141    344283
 3142     13901
 3143    516001
 3144    220661
 3145     79983
 3146    395003
 3147    154397
 3148    306029
 3149    508137
 3150    355521
 3151    238163
 3152    103155
 3153    244249
 3154    112759
 3155    304815
 3156    487597
 3157     44407
 3158    115581
 3159    290929
 3160     33925
 3161    426203
 3162    431537
 3163    144103
 3164     43139
 3165    493889
 3166    314259
 3167    416369
 3168    357677
 3169     59509
 3170    407949
 3171     11369
 3172    239493
 3173    172337
 3174      9481
 3175    468623
 3176    140203
 3177    489907
 3178    200207
 3179    371547
 3180    242719
 3181    101051
 3182    323475
 3183    401063
 3184    460323
 3185    294285
 3186     72081
 3187    158513
 3188    168605
 3189    342875
 3190    239303
 3191    239665
 3192    484939
 3193    203543
 3194    171833
 3195     20195
 3196    100311
 3197    314743
 3198    398739
 3199    401575
 3200    392409
 3201    442007
 3202    246973
 3203    355713
 3204    455711
 3205    483053
 3206    248379
 3207    248605
 3208    465197
 3209    168091
 3210    394149
 3211    422577
 3212     89837
 3213     63425
 3214    284781
 3215    309057
 3216     53177
 3217    447213
 3218    414081
 3219    172925
 3220    201689
 3221    451953
 3222     81319
 3223    288315
 3224    471759
 3225     39953
 3226    179947
 3227    289185
 3228     47631
 3229    342375
 3230     95509
 3231    467583
 3232    403759
 3233    191121
 3234    231343
 3235    294237
 3236    409963
 3237    163151
 3238     81103
 3239    489517
 3240    300977
 3241    405353
 3242    220019
 3243     78993
 3244    373779
 3245    491893
 3246    418757
 3247    243007
 3248     88035
 3249    295693
 3250    486581
 3251    172593
 3252    249463
 3253    201763
 3254    233953
 3255    256923
 3256     22247
 3257    212105
 3258    514453
 3259    373005
 3260    333023
 3261    436425
 3262    422747
 3263    358241
 3264    180009
 3265     84385
 3266    462205
 3267    242625
 3268    186207
 3269    328381
 3270    199869
 3271    280395
 3272    133425
 3273     42929
 3274    200285
 3275    405045
 3276    191883
 3277    173357
 3278    389975
 3279    214137
 3280    394469
 3281     29713
 3282    275277
 3283    338559
 3284    272939
 3285    400973
 3286    403589
 3287    383381
 3288     61539
 3289    127411
 3290    204575
 3291    280153
 3292    157657
 3293    516233
 3294    143729
 3295     14245
 3296    118239
 3297    120487
 3298    161515
 3299     86743
 3300    259695
 3301     58023
 3302    388483
 3303    168423
 3304    378703
 3305    139529
 3306    437333
 3307    232509
 3308     13951
 3309    210975
 3310    317837
 3311    456761
 3312    243293
 3313    389963
 3314    212455
 3315    135675
 3316    235869
 3317    489851
 3318    295209
 3319    411985
 3320    482805
 3321    500817
 3322    515443
 3323    309289
 3324    160895
 3325    450681
 3326    139471
 3327    402381
 3328     92321
 3329    150599
 3330    492225
 3331    366165
 3332    382433
 3333    213897
 3334     91735
 3335    413983
 3336    266001
 3337    144943
 3338     92639
 3339    463773
 3340    192747
 3341    460919
 3342    382913
 3343    359477
 3344    329671
 3345    487523
 3346    117891
 3347    171117
 3348     59269
 3349     97417
 3350    171871
 3351    250525
 3352    189423
 3353      8081
 3354    129897
 3355    446151
 3356    146109
 3357    110505
 3358    333587
 3359     62987
 3360    211221
 3361    357243
 3362    213473
 3363    281671
 3364    442715
 3365    219189
 3366    443253
 3367    435363
 3368    297161
 3369    453161
 3370     68627
 3371    410971
 3372    343233
 3373    355915
 3374    269217
 3375    387431
 3376    411097
 3377    237183
 3378    344755
 3379    327277
 3380    449777
 3381    131799
 3382     48181
 3383    311511
 3384    120091
 3385      7093
 3386    390125
 3387    158753
 3388    294281
 3389    422365
 3390    141203
 3391    331579
 3392    116683
 3393    461933
 3394     80913
 3395     43487
 3396     39849
 3397    249485
 3398    314327
 3399    267699
 3400    373907
 3401    128653
 3402    451171
 3403    332245
 3404     46935
 3405    101083
 3406    468025
 3407    397991
 3408    161605
 3409     83003
 3410    464759
 3411    467803
 3412    442503
 3413     17937
 3414     75717
 3415    321135
 3416     93861
 3417    188735
 3418    306009
 3419    405579
 3420    416721
 3421    453169
 3422    362117
 3423    210675
 3424    209507
 3425     75243
 3426     22807
 3427    468067
 3428    406483
 3429    387859
 3430    281055
 3431    388589
 3432    144881
 3433    175401
 3434     43545
 3435    129869
 3436    386931
 3437    123223
 3438    409461
 3439    517063
 3440    454543
 3441    326533
 3442    469715
 3443    216367
 3444    234793
 3445    222363
 3446    500805
 3447     37691
 3448    232339
 3449    494563
 3450    354593
 3451    120623
 3452    499447
 3453    233819
 3454    245525
 3455    512237
 3456    447957
 3457     40799
 3458    351733
 3459    487549
 3460     77657
 3461    410505
 3462    389669
 3463    174127
 3464    511279
 3465     24481
 3466    305541
 3467    177015
 3468    519107
 3469    144989
 3470    478671
 3471    469133
 3472    345451
 3473    365323
 3474    294225
 3475    111675
 3476    405825
 3477    507299
 3478    442967
 3479    500599
 3480    452981
 3481     51727
 3482    222237
 3483    118921
 3484     17021
 3485     89149
 3486      9563
 3487     79199
 3488    383241
 3489    208629
 3490     91599
 3491    375525
 3492    301661
 3493    374049
 3494    340021
 3495    440053
 3496    198823
 3497    224787
 3498     61121
 3499    122615
 3500    371579
 3501    197611
 3502    425621
 3503    366713
 3504    316939
 3505    101905
 3506     24171
 3507    401565
 3508    287091
 3509    166509
 3510    465939
 3511    310617
 3512    488773
 3513    269047
 3514    281069
 3515    334367
 3516    407339
 3517     19321
 3518    217701
 3519    215315
 3520     35553
 3521     21901
 3522    291567
 3523    187937
 3524    430651
 3525     32311
 3526    123537
 3527    300521
 3528      5811
 3529    304903
 3530    335469
 3531    228991
 3532    321671
 3533    158593
 3534    330299
 3535    149545
 3536    139031
 3537    281739
 3538    294127
 3539    128305
 3540    157215
 3541     54577
 3542    332327
 3543    486309
 3544    252623
 3545    173629
 3546    133663
 3547    147981
 3548    324491
 3549    445587
 3550    227607
 3551    190063
 3552    367383
 3553    131771
 3554    444535
 3555    298961
 3556    386147
 3557    118181
 3558    238353
 3559    398465
 3560    396965
 3561    475859
 3562     82109
 3563    195947
 3564    167101
 3565    241579
 3566    451065
 3567    399927
 3568    448673
 3569    426565
 3570    234245
 3571    345957
 3572    180061
 3573    197207
 3574    505283
 3575    505659
 3576     54233
 3577    152663
 3578    481155
 3579    354391
 3580    400891
 3581    227395
 3582    219535
 3583    226123
 3584    121423
 3585    244551
 3586    132045
 3587    446551
 3588    313999
 3589    385783
 3590    495507
 3591    305613
 3592     46891
 3593    339689
 3594    312893
 3595    514481
 3596    273563
 3597    408791
 3598    348479
 3599    381971
 3600    415201
